000000265843
000000215819
000000244367
000000206627
000000286336
000000223682
000000070344
000000183401
000000027660
000000233271
000000431405
000000086981
000000557923
000000178207
000000287396
000000544568
000000529544
000000103335
000000388601
000000136846
000000474675
000000138127
000000189593
000000107094
000000064093
000000497444
000000485829
000000020069
000000147289
000000076266
000000249524
000000100439
000000562461
000000205116
000000555206
000000184499
000000136641
000000399191
000000210239
000000087058
000000446033
000000035948
000000373198
000000539167
000000451751
000000077473
000000174499
000000401768
000000379585
000000509948
000000213829
000000040930
000000457401
000000281125
000000136310
000000529631
000000322987
000000051862
000000222245
000000544794
000000220736
000000106817
000000310889
000000562735
000000308120
000000548471
000000196368
000000509682
000000301494
000000251370
000000130111
000000419019
000000214571
000000244931
000000280490
000000439186
000000140028
000000367429
000000213405
000000128127
000000402759
000000412399
000000319696
000000261236
000000428329
000000007220
000000204556
000000518124
000000552810
000000405061
000000560240
000000556599
000000297198
000000430989
000000154835
000000448863
000000253236
000000307426
000000505023
000000216480
000000220076
000000525297
000000477245
000000323147
000000122147
000000251816
000000273886
000000281929
000000573958
000000455847
000000099349
000000414471
000000154352
000000223739
000000446106
000000468956
000000009483
000000511402
000000274541
000000475024
000000392282
000000016669
000000180366
000000391170
000000144929
000000469658
000000546052
000000027902
000000429010
000000249727
000000019158
000000194153
000000220037
000000117060
000000149973
000000015644
000000467500
000000033272
000000485374
000000452502
000000067573
000000209040
000000357059
000000398813
000000245683
000000182334
000000332544
000000380338
000000107188
000000439773
000000531844
000000165671
000000051285
000000322174
000000198176
000000018194
000000183965
000000523272
000000417365
000000266275
000000355774
000000338207
000000363826
000000410981
000000027917
000000008781
000000312550
000000232050
000000308621
000000423412
000000438060
000000307847
000000125286
000000323133
000000274019
000000258544
000000069750
000000463151
000000489333
000000248703
000000317816
000000559895
000000054905
000000028719
000000316377
000000468789
000000114718
000000279159
000000353407
000000230735
000000208991
000000423019
000000119494
000000249536
000000243569
000000133104
000000173749
000000089359
000000277292
000000029465
000000455529
000000214742
000000223434
000000460683
000000148830
000000026552
000000422833
000000283382
000000416598
000000083872
000000011065
000000179814
000000139468
000000002453
000000569919
000000155319
000000570268
000000046269
000000129216
000000028251
000000344127
000000030188
000000465855
000000098599
000000353694
000000134459
000000466825
000000092678
000000167006
000000005644
000000450206
000000556751
000000447037
000000060041
000000002842
000000424105
000000282698
000000340209
000000344726
000000015140
000000413713
000000197237
000000520519
000000191277
000000467726
000000160996
000000172010
000000461311
000000284043
000000334021
000000371814
000000344280
000000086790
000000487914
000000032668
000000499789
000000468465
000000267064
000000054334
000000528127
000000184386
000000581393
000000033315
000000475319
000000104800
000000050913
000000376796
000000336954
000000098242
000000401136
000000332646
000000340943
000000091858
000000359340
000000167452
000000261541
000000559665
000000062692
000000561033
000000010014
000000183205
000000148898
000000550760
000000010476
000000246366
000000547745
000000489419
000000309284
000000462931
000000513240
000000339766
000000056070
000000422044
000000483046
000000030619
000000378081
000000347877
000000572949
000000274409
000000170992
000000091795
000000402987
000000510391
000000005586
000000481710
000000068777
000000489728
000000114979
000000375670
000000517807
000000553428
000000565091
000000376264
000000374391
000000004042
000000114403
000000235394
000000485465
000000440534
000000372824
000000467746
000000383929
000000493983
000000072463
000000329667
000000195386
000000051643
000000019789
000000229247
000000190907
000000345813
000000578147
000000136673
000000537160
000000169802
000000539767
000000414289
000000169415
000000179758
000000570688
000000061773
000000046660
000000036289
000000035230
000000161011
000000416697
000000217429
000000363331
000000236630
000000419996
000000279259
000000382530
000000060980
000000160351
000000544312
000000378169
000000194347
000000539671
000000405982
000000156594
000000511341
000000007500
000000289180
000000204337
000000473709
000000182840
000000578884
000000494341
000000102746
000000289357
000000491372
000000388449
000000002229
000000105021
000000034691
000000256657
000000064751
000000535676
000000353915
000000255329
000000099063
000000257058
000000221593
000000536278
000000064933
000000194968
000000128346
000000496870
000000103722
000000266990
000000384605
000000149615
000000291588
000000487931
000000225127
000000253838
000000204471
000000109434
000000427491
000000074576
000000552112
000000043218
000000105751
000000199158
000000114684
000000116358
000000539384
000000267135
000000087740
000000113979
000000145139
000000565374
000000327695
000000576629
000000145734
000000242457
000000015183
000000071244
000000066389
000000180130
000000222572
000000416473
000000512394
000000514088
000000388398
000000035535
000000561655
000000192043
000000089884
000000447074
000000541290
000000063888
000000387153
000000545334
000000205309
000000292428
000000203711
000000360637
000000560967
000000270420
000000284131
000000012231
000000117425
000000019523
000000381619
000000366811
000000201554
000000026783
000000497067
000000059394
000000107620
000000004809
000000488033
000000256214
000000029839
000000516105
000000355257
000000286711
000000563447
000000288923
000000266376
000000105923
000000367116
000000124834
000000031161
000000089355
000000434409
000000049891
000000200775
000000252300
000000212941
000000508230
000000048670
000000304180
000000221814
000000082494
000000470909
000000471410
000000003259
000000513936
000000515896
000000545071
000000411295
000000403454
000000063299
000000500946
000000114504
000000365654
000000370406
000000323599
000000041018
000000094185
000000358451
000000268556
000000560662
000000369485
000000235403
000000088609
000000019013
000000042169
000000095569
000000059202
000000488682
000000324915
000000483381
000000144018
000000313705
000000338288
000000224166
000000396687
000000003375
000000149357
000000323968
000000491727
000000506401
000000409208
000000057284
000000539404
000000134322
000000058403
000000536419
000000525202
000000479721
000000566975
000000284863
000000181649
000000085933
000000346462
000000561426
000000158887
000000288259
000000438999
000000289621
000000183336
000000263163
000000103509
000000403134
000000492271
000000089367
000000353577
000000429290
000000413472
000000292587
000000561776
000000063079
000000526696
000000182497
000000270460
000000366399
000000505576
000000266271
000000116783
000000356654
000000411653
000000217440
000000432906
000000075973
000000447224
000000419294
000000326824
000000450151
000000415076
000000569450
000000186703
000000472551
000000219250
000000372971
000000059084
000000569592
000000363902
000000016526
000000207231
000000096539
000000139878
000000356330
000000510103
000000154589
000000402109
000000501739
000000451061
000000141862
000000468626
000000150235
000000327860
000000190546
000000030261
000000187181
000000523684
000000562778
000000465936
000000083925
000000314109
000000581081
000000259571
000000485931
000000385684
000000448723
000000530936
000000497179
000000438220
000000403680
000000442641
000000343257
000000272117
000000256601
000000426445
000000160483
000000217007
000000014353
000000366907
000000250127
000000097514
000000454928
000000450559
000000031981
000000504318
000000309727
000000433963
000000095875
000000353510
000000210077
000000069009
000000450991
000000286778
000000562144
000000279209
000000178181
000000214759
000000187642
000000524665
000000344582
000000494680
000000147963
000000193246
000000188498
000000369886
000000133078
000000458807
000000337619
000000184585
000000322990
000000075412
000000020410
000000564978
000000383680
000000020421
000000178410
000000246342
000000124931
000000219135
000000345160
000000153639
000000285194
000000324513
000000038186
000000089765
000000529155
000000159977
000000300111
000000182812
000000243851
000000212679
000000057376
000000152000
000000400162
000000513795
000000516945
000000058021
000000484790
000000532013
000000057232
000000008186
000000289033
000000242426
000000494330
000000299468
000000088267
000000413668
000000267008
000000502370
000000318521
000000374597
000000146274
000000046812
000000164005
000000368356
000000562675
000000487957
000000417802
000000308277
000000125071
000000554488
000000199736
000000244424
000000302290
000000303713
000000168617
000000225274
000000138790
000000150650
000000283060
000000410143
000000380474
000000410963
000000230291
000000376773
000000264238
000000247873
000000088929
000000376283
000000168061
000000116601
000000396972
000000332792
000000029937
000000491192
000000138435
000000403222
000000444664
000000159013
000000016523
000000365251
000000397292
000000010684
000000111348
000000526797
000000252716
000000288408
000000470313
000000422995
000000010192
000000163292
000000405823
000000106392
000000335524
000000077814
000000063563
000000374072
000000367771
000000072514
000000304052
000000422279
000000202774
000000222244
000000500898
000000085018
000000059352
000000105008
000000059648
000000202209
000000024948
000000166060
000000488146
000000479613
000000104355
000000028646
000000365600
000000367003
000000501323
000000210702
000000345972
000000171736
000000256384
000000199578
000000534122
000000451066
000000042371
000000386401
000000300538
000000411362
000000141017
000000174071
000000575961
000000575273
000000125658
000000348076
000000252962
000000122861
000000192319
000000456303
000000075871
000000383289
000000077981
000000444735
000000362469
000000375001
000000381642
000000369382
000000539174
000000152403
000000118173
000000241208
000000124202
000000565044
000000224104
000000500940
000000492885
000000346934
000000381315
000000433806
000000375857
000000271058
000000120674
000000038155
000000106235
000000306240
000000299779
000000323263
000000078642
000000133645
000000323536
000000151277
000000395080
000000002758
000000431848
000000288639
000000317898
000000086356
000000049275
000000016237
000000054160
000000433484
000000506296
000000096496
000000312269
000000387913
000000469035
000000013815
000000183437
000000549109
000000012839
000000452371
000000163387
000000055317
000000328805
000000229383
000000200638
000000008657
000000198054
000000394002
000000330253
000000270373
000000206662
000000533686
000000080948
000000541944
000000239436
000000423966
000000463334
000000457861
000000468530
000000004068
000000405675
000000262529
000000378860
000000077260
000000093384
000000571575
000000086381
000000268590
000000103720
000000533532
000000221996
000000326414
000000387812
000000375812
000000236677
000000051549
000000222240
000000447109
000000527446
000000107900
000000364835
000000415669
000000493972
000000362240
000000135592
000000119445
000000491837
000000072000
000000163045
000000002886
000000390348
000000084218
000000005620
000000435499
000000106637
000000250129
000000293393
000000273850
000000129436
000000518438
000000058647
000000557396
000000062778
000000134278
000000132317
000000360400
000000334338
000000110634
000000420823
000000372292
000000561660
000000426470
000000027252
000000508555
000000473641
000000310807
000000244132
000000238827
000000324677
000000237453
000000400507
000000419013
000000448518
000000204682
000000355513
000000017867
000000124316
000000035132
000000409740
000000267815
000000465862
000000089753
000000435841
000000238685
000000144180
000000148024
000000293418
000000059244
000000252994
000000372212
000000408799
000000460997
000000272765
000000111788
000000027617
000000357728
000000482007
000000158786
000000108572
000000039671
000000398428
000000043629
000000462138
000000353321
000000144419
000000404933
000000545088
000000020599
000000485561
000000216091
000000424536
000000422591
000000498630
000000363652
000000081074
000000552253
000000537304
000000202476
000000455435
000000331541
000000333134
000000561560
000000499922
000000136932
000000035272
000000467872
000000095227
000000302388
000000254081
000000253730
000000495243
000000433563
000000308310
000000004716
000000218589
000000015190
000000561715
000000097782
000000012711
000000375093
000000015269
000000446494
000000241888
000000555684
000000208151
000000099753
000000237783
000000216905
000000046042
000000185371
000000318384
000000341856
000000071883
000000056292
000000286645
000000351747
000000146358
000000240247
000000281040
000000142680
000000252751
000000114744
000000165163
000000276146
000000102540
000000257388
000000399441
000000335407
000000103522
000000547767
000000345385
000000286530
000000094002
000000253143
000000175804
000000157350
000000427070
000000169576
000000017526
000000074462
000000324322
000000351380
000000139684
000000248024
000000265990
000000310796
000000093154
000000070528
000000252850
000000457572
000000571318
000000204137
000000488960
000000029308
000000302958
000000520100
000000211051
000000171915
000000353180
000000308328
000000241963
000000517920
000000315202
000000289238
000000005608
000000326399
000000213288
000000378147
000000147769
000000233744
000000181859
000000554875
000000513015
000000033773
000000169562
000000315660
000000209133
000000101195
000000421597
000000578031
000000091886
000000409025
000000465101
000000288884
000000303388
000000183766
000000552244
000000430086
000000208381
000000568135
000000063681
000000197780
000000249156
000000024716
000000090359
000000570092
000000041135
000000102469
000000578055
000000085192
000000515850
000000505553
000000009946
000000429456
000000571916
000000173448
000000351262
000000480438
000000110136
000000564830
000000460929
000000537441
000000315176
000000027395
000000392684
000000155262
000000178218
000000010683
000000458594
000000061992
000000124663
000000031653
000000411408
000000570013
000000020570
000000371847
000000040901
000000105452
000000525344
000000452982
000000460666
000000467138
000000572108
000000103455
000000258541
000000091234
000000454408
000000213090
000000253282
000000032577
000000506515
000000509394
000000473712
000000069189
000000414603
000000416981
000000403306
000000247515
000000481200
000000378873
000000309956
000000534131
000000220417
000000549172
000000081871
000000397525
000000000623
000000272412
000000325284
000000054938
000000460097
000000425296
000000190939
000000341111
000000337177
000000452682
000000060519
000000564058
000000213753
000000276666
000000340610
000000524189
000000576752
000000355210
000000100910
000000422956
000000550477
000000556636
000000562593
000000157645
000000221794
000000294226
000000084840
000000382182
000000089894
000000128282
000000446539
000000123389
000000546366
000000229088
000000380516
000000197383
000000015151
000000475932
000000287038
000000335328
000000077903
000000165552
000000105728
000000565002
000000208304
000000485907
000000049312
000000463175
000000001523
000000416286
000000124707
000000484668
000000177807
000000036057
000000083117
000000484434
000000171762
000000384826
000000360376
000000178184
000000477015
000000197029
000000085434
000000266889
000000565018
000000516488
000000169045
000000325666
000000539378
000000333724
000000180718
000000482596
000000303778
000000375504
000000003729
000000463134
000000561399
000000440652
000000523871
000000374211
000000061899
000000367310
000000419828
000000346164
000000128608
000000332405
000000481725
000000319591
000000113619
000000292991
000000329892
000000374896
000000089648
000000043971
000000211844
000000053642
000000477647
000000577539
000000497199
000000475674
000000062554
000000024091
000000200611
000000476841
000000485940
000000399759
000000104696
000000566941
000000303863
000000410302
000000540347
000000211484
000000040844
000000099422
000000145186
000000186038
000000535948
000000224243
000000073610
000000559755
000000428310
000000533869
000000482562
000000298195
000000064190
000000035843
000000231568
000000581326
000000580778
000000561311
000000192307
000000477016
000000307262
000000545253
000000569972
000000132500
000000379766
000000428117
000000036473
000000038666
000000383607
000000518389
000000497032
000000355860
000000291144
000000103231
000000278290
000000476415
000000205967
000000059816
000000214705
000000008733
000000002429
000000257951
000000322056
000000277146
000000499093
000000377434
000000471868
000000569310
000000237814
000000307884
000000345302
000000495156
000000508244
000000174574
000000444871
000000373700
000000113593
000000161280
000000290204
000000117993
000000531928
000000433830
000000294957
000000451046
000000241100
000000469202
000000053364
000000481028
000000231714
000000549324
000000092815
000000077639
000000074900
000000522779
000000422008
000000233954
000000368335
000000484985
000000526887
000000424604
000000218809
000000206467
000000554217
000000477936
000000188657
000000532482
000000465005
000000209347
000000183967
000000273469
000000139150
000000234910
000000407909
000000231337
000000209763
000000564451
000000393087
000000073442
000000260634
000000031393
000000458604
000000224396
000000455799
000000038920
000000307835
000000329134
000000019456
000000266200
000000442148
000000040643
000000368986
000000336793
000000580827
000000313071
000000400748
000000299481
000000102903
000000561424
000000203350
000000466882
000000460780
000000349414
000000428015
000000248694
000000499198
000000275834
000000043664
000000366822
000000011505
000000425470
000000160490
000000552842
000000356344
000000310175
000000402844
000000306688
000000440212
000000481841
000000056473
000000231719
000000218701
000000202226
000000101491
000000364934
000000027569
000000549327
000000235276
000000193444
000000010337
000000048287
000000347297
000000012398
000000042820
000000408143
000000047974
000000153074
000000455558
000000333749
000000557514
000000168016
000000402583
000000417631
000000195401
000000311531
000000523484
000000409182
000000016283
000000150037
000000225599
000000124599
000000474078
000000332594
000000257134
000000424489
000000383893
000000118612
000000537506
000000473541
000000218091
000000373785
000000231164
000000202146
000000139831
000000109265
000000327841
000000089228
000000482750
000000204525
000000156630
000000049460
000000560530
000000484634
000000576754
000000182645
000000215511
000000276516
000000503992
000000134396
000000367268
000000465418
000000229947
000000031335
000000278771
000000467116
000000252625
000000523220
000000118827
000000550353
000000369326
000000391823
000000067090
000000480575
000000026363
000000539930
000000527834
000000045678
000000062399
000000238654
000000062398
000000362175
000000303908
000000063796
000000127182
000000051314
000000006432
000000311179
000000277710
000000519477
000000291346
000000034304
000000087113
000000473095
000000236567
000000018244
000000171590
000000502644
000000361088
000000333643
000000057702
000000455229
000000084046
000000145337
000000043417
000000390893
000000575761
000000440154
000000154854
000000387270
000000428149
000000157480
000000429122
000000438029
000000572180
000000329553
000000454222
000000380096
000000479496
000000200961
000000209829
000000545200
000000062491
000000129437
000000314082
000000118343
000000351148
000000154520
000000390792
000000421643
000000398188
000000475984
000000512290
000000067156
000000371861
000000232717
000000498173
000000232886
000000295614
000000334521
000000315200
000000342460
000000554809
000000402233
000000487159
000000381517
000000300467
000000456969
000000293674
000000243509
000000336802
000000308659
000000297495
000000349090
000000455677
000000233023
000000561647
000000072910
000000259551
000000000962
000000096762
000000023287
000000580146
000000065901
000000358576
000000416885
000000283624
000000507819
000000545804
000000023072
000000185802
000000256230
000000415880
000000012093
000000160858
000000442993
000000458673
000000387264
000000272479
000000362654
000000268577
000000491985
000000546964
000000302657
000000374325
000000459056
000000039588
000000306931
000000071881
000000338428
000000574315
000000280850
000000455448
000000332609
000000283141
000000523682
000000247487
000000489501
000000366137
000000231014
000000485933
000000083494
000000337019
000000548731
000000095711
000000226716
000000204491
000000329533
000000005388
000000213922
000000186493
000000209503
000000421995
000000131299
000000250724
000000309317
000000451651
000000287233
000000422700
000000237495
000000201421
000000373184
000000054560
000000443987
000000460937
000000321737
000000378305
000000355425
000000510864
000000341013
000000199951
000000146825
000000428046
000000103730
000000023446
000000534776
000000105782
000000208140
000000370523
000000485673
000000388217
000000278752
000000249785
000000421320
000000256617
000000047775
000000453157
000000420916
000000154399
000000000532
000000522298
000000302137
000000204987
000000114219
000000548253
000000194653
000000405062
000000290170
000000520043
000000126288
000000003035
000000440243
000000337563
000000180869
000000068581
000000375996
000000471514
000000379596
000000428214
000000439824
000000167908
000000017210
000000522639
000000520471
000000040635
000000419468
000000501499
000000331695
000000445267
000000507249
000000028642
000000218776
000000029116
000000153882
000000020362
000000393271
000000197351
000000475130
000000544701
000000163266
000000548592
000000141510
000000568502
000000545312
000000230889
000000065447
000000278172
000000258765
000000055059
000000359020
000000286981
000000055425
000000139275
000000136229
000000278853
000000207027
000000490735
000000068114
000000453250
000000089369
000000221605
000000465129
000000535517
000000228708
000000514650
000000028071
000000193808
000000519723
000000400080
000000055808
000000254984
000000328064
000000033295
000000018627
000000210363
000000215304
000000131938
000000204887
000000267972
000000252966
000000156682
000000510771
000000080522
000000114288
000000082121
000000213538
000000021469
000000153709
000000239114
000000557508
000000187990
000000463217
000000469119
000000202853
000000523002
000000030238
000000475396
000000166477
000000519319
000000161028
000000392664
000000437632
000000196141
000000345532
000000246875
000000045343
000000481137
000000023489
000000268363
000000556279
000000037519
000000468169
000000250313
000000466910
000000386979
000000340171
000000562688
000000497544
000000304794
000000153920
000000068457
000000001000
000000462486
000000111568
000000221057
000000078288
000000383622
000000543740
000000312213
000000491140
000000128480
000000282771
000000529800
000000368049
000000401433
000000396688
000000539962
000000060677
000000291509
000000020965
000000421514
000000263251
000000218964
000000357383
000000555308
000000306693
000000387696
000000386783
000000033924
000000296832
000000509528
000000388177
000000435187
000000472942
000000474424
000000452615
000000472250
000000486417
000000486154
000000237203
000000524428
000000386661
000000148422
000000546944
000000577869
000000058355
000000368983
000000277709
000000254002
000000216243
000000313361
000000188735
000000239396
000000331146
000000301403
000000179687
000000106920
000000336353
000000401854
000000450724
000000014844
000000146123
000000506449
000000231889
000000173302
000000341695
000000354059
000000285588
000000023387
000000011831
000000549849
000000072605
000000376559
000000090358
000000408789
000000337745
000000165012
000000497082
000000515415
000000249720
000000334240
000000416644
000000168569
000000348973
000000524525
000000577592
000000082990
000000497694
000000371950
000000071371
000000508045
000000570280
000000312220
000000163917
000000024939
000000109281
000000563617
000000455515
000000030143
000000263679
000000216314
000000370082
000000035567
000000056306
000000012463
000000226442
000000236512
000000264830
000000255969
000000496115
000000324228
000000522054
000000483234
000000577118
000000367742
000000471357
000000235597
000000512403
000000441412
000000381127
000000440844
000000139590
000000232720
000000073997
000000309144
000000529122
000000357017
000000507557
000000148938
000000508262
000000394175
000000197678
000000341973
000000112385
000000339001
000000439118
000000140203
000000032888
000000162645
000000423826
000000525849
000000210266
000000253432
000000028714
000000142711
000000039512
000000268341
000000553297
000000283785
000000541117
000000428605
000000167303
000000561539
000000248564
000000022575
000000424147
000000288852
000000265566
000000244410
000000322201
000000165589
000000313502
000000225477
000000139617
000000185571
000000274323
000000057256
000000539147
000000350414
000000445933
000000011801
000000518351
000000253183
000000389389
000000110962
000000093015
000000168781
000000105035
000000471097
000000247123
000000087334
000000559752
000000092558
000000184109
000000006357
000000556028
000000142794
000000509564
000000516868
000000314537
000000337448
000000554860
000000265553
000000269338
000000170122
000000137056
000000108056
000000543681
000000476151
000000542442
000000297933
000000328397
000000467564
000000565740
000000092765
000000281696
000000423008
000000225719
000000203843
000000106757
000000040283
000000076117
000000318071
000000420054
000000087399
000000311310
000000240321
000000184999
000000018317
000000182078
000000290652
000000418214
000000410195
000000212302
000000536006
000000123935
000000353994
000000030332
000000569960
000000387124
000000329707
000000472621
000000150276
000000056262
000000293300
000000024859
000000024794
000000247049
000000301998
000000050806
000000351654
000000401249
000000211867
000000125651
000000473018
000000447088
000000091123
000000333555
000000252943
000000399472
000000089230
000000412680
000000075818
000000178413
000000244135
000000384617
000000356771
000000547485
000000175421
000000491554
000000015778
000000351861
000000470070
000000493905
000000142847
000000091842
000000467318
000000529667
000000200812
000000208220
000000521533
000000127037
000000005967
000000453029
000000417627
000000201670
000000232182
000000118546
000000578331
000000480076
000000137387
000000176392
000000314026
000000305985
000000297676
000000493576
000000256643
000000180335
000000346560
000000479334
000000348957
000000229598
000000045573
000000124277
000000362145
000000227948
000000355542
000000400838
000000546229
000000210973
000000234755
000000566188
000000317208
000000176858
000000415672
000000225946
000000020039
000000078380
000000194527
000000247700
000000040658
000000208365
000000409651
000000135202
000000255495
000000241905
000000424192
000000384269
000000074051
000000334301
000000222411
000000309678
000000208479
000000444132
000000214577
000000439539
000000271565
000000513039
000000226984
000000027050
000000088860
000000055269
000000195791
000000173506
000000064941
000000329384
000000377213
000000522782
000000577169
000000372258
000000082180
000000350467
000000300047
000000275869
000000489724
000000449888
000000564496
000000439180
000000232769
000000549746
000000103806
000000150508
000000093243
000000531860
000000266422
000000225104
000000343166
000000289213
000000176696
000000219410
000000153186
000000349914
000000323311
000000175541
000000325175
000000201899
000000249455
000000204147
000000263973
000000329738
000000107011
000000217893
000000423506
000000138970
000000150830
000000453945
000000554182
000000274460
000000262041
000000503293
000000374846
000000308759
000000000071
000000023917
000000394269
000000375450
000000426101
000000283868
000000342593
000000074201
000000178871
000000358825
000000079345
000000484951
000000072626
000000546445
000000335479
000000276564
000000005368
000000472312
000000169500
000000258680
000000278638
000000146640
000000570963
000000115992
000000581055
000000090569
000000292986
000000434897
000000098392
000000560088
000000090429
000000245971
000000075257
000000564611
000000558623
000000272569
000000449485
000000565155
000000327761
000000341894
000000304238
000000145738
000000133739
000000468394
000000531331
000000381492
000000554607
000000092631
000000034732
000000263270
000000256343
000000429635
000000404673
000000369936
000000480661
000000305686
000000035504
000000139039
000000239417
000000026026
000000495683
000000273898
000000213976
000000334083
000000406949
000000406168
000000043543
000000574211
000000135759
000000368648
000000376490
000000392035
000000143089
000000561947
000000059952
000000222227
000000255295
000000528062
000000026907
000000505936
000000408736
000000332913
000000257036
000000275850
000000105200
000000310600
000000202115
000000053722
000000378030
000000541085
000000030139
000000297730
000000545162
000000298122
000000485247
000000558671
000000099937
000000370461
000000311553
000000448423
000000392148
000000190853
000000569308
000000271641
000000432890
000000037777
000000532505
000000095249
000000120400
000000567118
000000055891
000000289972
000000518761
000000427657
000000427986
000000500699
000000580906
000000379965
000000226580
000000297236
000000556383
000000305141
000000107084
000000070813
000000299780
000000319654
000000185577
000000205577
000000497847
000000054421
000000453166
000000416973
000000572499
000000155106
000000201348
000000358438
000000056718
000000333799
000000293072
000000227845
000000152650
000000181118
000000390841
000000137888
000000264151
000000421478
000000403421
000000118089
000000321492
000000548843
000000052631
000000549897
000000526723
000000358543
000000442945
000000559234
000000494904
000000286998
000000437440
000000272967
000000287494
000000398742
000000047008
000000253785
000000441129
000000450728
000000352027
000000530966
000000400983
000000221560
000000197756
000000487953
000000119449
000000271994
000000086611
000000552755
000000247160
000000030133
000000052760
000000364283
000000429241
000000436321
000000036373
000000298354
000000150367
000000340962
000000096008
000000231450
000000316107
000000379539
000000056350
000000487869
000000546864
000000146910
000000446521
000000385042
000000346576
000000245817
000000008414
000000126538
000000434072
000000243219
000000287366
000000007673
000000527844
000000175978
000000278988
000000564316
000000062173
000000208146
000000090322
000000021175
000000088567
000000528230
000000122913
000000548384
000000336390
000000417430
000000552829
000000494879
000000310079
000000553793
000000332261
000000515123
000000379962
000000508288
000000516471
000000546787
000000075888
000000428011
000000255910
000000373177
000000072746
000000256301
000000437677
000000364636
000000019955
000000346947
000000537512
000000053744
000000023879
000000325781
000000216510
000000157239
000000407130
000000533039
000000150435
000000233093
000000102820
000000557708
000000552956
000000448220
000000135292
000000120472
000000493932
000000335578
000000401301
000000185520
000000172989
000000036282
000000373730
000000419677
000000374418
000000031915
000000400405
000000326248
000000223317
000000382659
000000384740
000000250978
000000391703
000000091517
000000242537
000000575702
000000070339
000000570822
000000367058
000000415787
000000069242
000000164250
000000200311
000000207378
000000410667
000000579386
000000173157
000000242734
000000519376
000000485123
000000297233
000000363165
000000101194
000000372870
000000498627
000000567171
000000435453
000000492510
000000410739
000000154931
000000403761
000000504353
000000359346
000000398569
000000062819
000000137127
000000512940
000000339019
000000116936
000000280709
000000031734
000000139111
000000163897
000000301938
000000558124
000000075305
000000353881
000000334162
000000487999
000000293124
000000059623
000000103318
000000143859
000000095257
000000253579
000000515550
000000274900
000000400742
000000110123
000000036569
000000245513
000000021879
000000314264
000000349709
000000165727
000000353372
000000394532
000000537255
000000093948
000000354205
000000365116
000000206221
000000064731
000000335534
000000121046
000000328758
000000426877
000000264032
000000581507
000000208589
000000038073
000000388947
000000352735
000000493623
000000033802
000000033489
000000199962
000000167337
000000074590
000000025245
000000380350
000000350174
000000496918
000000007789
000000013675
000000476046
000000168698
000000254356
000000145915
000000433170
000000438844
000000438751
000000034571
000000472740
000000057777
000000357930
000000395445
000000252420
000000117230
000000254172
000000097858
000000132019
000000138948
000000159948
000000102872
000000271298
000000352814
000000277291
000000376422
000000511066
000000054517
000000529630
000000150614
000000143436
000000504810
000000469803
000000422326
000000236718
000000214518
000000423850
000000108240
000000308223
000000322944
000000184224
000000245132
000000476971
000000048742
000000217460
000000333654
000000300684
000000069256
000000242187
000000097662
000000347453
000000463527
000000349313
000000186697
000000145528
000000011713
000000261333
000000578597
000000340983
000000285639
000000493791
000000355462
000000488866
000000505213
000000424165
000000018930
000000162902
000000520272
000000057466
000000564163
000000501700
000000117089
000000070190
000000521998
000000052305
000000178606
000000553760
000000394449
000000038317
000000341271
000000015180
000000010534
000000235466
000000089362
000000303311
000000208423
000000069866
000000092928
000000095003
000000052626
000000480652
000000120159
000000100081
000000330741
000000113326
000000319118
000000356061
000000168231
000000358268
000000498782
000000471335
000000401313
000000171461
000000382288
000000127669
000000423694
000000163829
000000208172
000000050846
000000237091
000000399288
000000281127
000000213506
000000250991
000000463301
000000311620
000000065855
000000440623
000000063266
000000485560
000000036547
000000061414
000000031333
000000068912
000000205573
000000563727
000000355124
000000022964
000000570440
000000229659
000000548168
000000361804
000000072861
000000054205
000000055294
000000459182
000000126925
000000310732
000000398842
000000315964
000000156370
000000229388
000000566518
000000398537
000000011398
000000088549
000000374887
000000100553
000000185240
000000390644
000000540479
000000509766
000000023676
000000136790
000000548014
000000025872
000000323733
000000410791
000000156461
000000434230
000000576938
000000239803
000000284846
000000093953
000000217591
000000011661
000000209046
000000090708
000000427434
000000020571
000000018241
000000120648
000000517453
000000531337
000000085944
000000516106
000000545476
000000391531
000000385194
000000010784
000000472830
000000428336
000000228603
000000566923
000000353701
000000067446
000000356302
000000370805
000000441415
000000504673
000000387121
000000243434
000000187119
000000144091
000000169640
000000023245
000000056849
000000443834
000000079754
000000081394
000000422893
000000173032
000000276580
000000331759
000000468548
000000363403
000000035552
000000450471
000000401446
000000123382
000000401362
000000539746
000000503945
000000549711
000000425117
000000018377
000000371955
000000288847
000000566656
000000520072
000000171472
000000445143
000000186266
000000211498
000000311928
000000281123
000000315025
000000254902
000000401884
000000450003
000000270024
000000039852
000000100560
000000559821
000000176321
000000276542
000000532638
000000061943
000000270512
000000078032
000000235043
000000132219
000000151864
000000074369
000000417023
000000354819
000000357561
000000021001
000000489476
000000005245
000000107959
000000581196
000000423358
000000141336
000000408364
000000356480
000000120246
000000451680
000000320015
000000573286
000000239616
000000242167
000000420713
000000193881
000000048320
000000084650
000000038769
000000188585
000000139598
000000167640
000000577148
000000058701
000000232648
000000218528
000000394623
000000496722
000000506514
000000124850
000000203878
000000061410
000000581495
000000461365
000000181084
000000035971
000000117325
000000480536
000000056848
000000370401
000000286575
000000220764
000000540027
000000034113
000000409119
000000262673
000000237367
000000152992
000000212856
000000180662
000000280891
000000374171
000000075331
000000079572
000000433110
000000185502
000000182710
000000406839
000000074917
000000200801
000000395975
000000248856
000000266038
000000212229
000000085836
000000551275
000000162581
000000283277
000000554619
000000235131
000000189997
000000399377
000000544623
000000526896
000000394773
000000554803
000000370315
000000394572
000000226913
000000342017
000000414170
000000214349
000000222439
000000560757
000000025758
000000554630
000000444025
000000230449
000000097646
000000246883
000000321706
000000325590
000000349052
000000022979
000000473774
000000451053
000000439970
000000036828
000000028540
000000056266
000000012443
000000159929
000000476426
000000163167
000000434837
000000145921
000000414113
000000326811
000000053911
000000187473
000000103539
000000545566
000000343422
000000553997
000000557345
000000072776
000000101894
000000196981
000000042748
000000168368
000000273379
000000270505
000000349918
000000129712
000000450464
000000466390
000000119617
000000187979
000000283650
000000187986
000000392915
000000578174
000000195506
000000256879
000000106113
000000331793
000000053729
000000074206
000000026564
000000299987
000000310203
000000352176
000000544574
000000276863
000000133940
000000541267
000000160330
000000204481
000000322405
000000057480
000000506458
000000425752
000000465795
000000170729
000000229024
000000026028
000000149610
000000194310
000000581124
000000401123
000000222510
000000124101
000000520000
000000406867
000000251818
000000293277
000000013379
000000422020
000000339248
000000101936
000000064948
000000477861
000000549373
000000401071
000000091105
000000136849
000000210204
000000460505
000000200213
000000573248
000000133331
000000262191
000000214450
000000570588
000000106033
000000327205
000000580507
000000547154
000000098629
000000211420
000000051079
000000430610
000000576385
000000089047
000000066144
000000303923
000000335692
000000162398
000000357916
000000243938
000000085411
000000541773
000000164116
000000286303
000000246717
000000130826
000000417249
000000030492
000000121613
000000301188
000000485002
000000336497
000000444493
000000466002
000000255338
000000109863
000000168927
000000094439
000000523244
000000117377
000000341100
000000404127
000000284652
000000143499
000000519479
000000095873
000000422969
000000034180
000000291370
000000553815
000000271411
000000536169
000000109118
000000345799
000000126375
000000323722
000000140943
000000125656
000000368040
000000246166
000000338108
000000125098
000000030106
000000326798
000000256800
000000483368
000000245377
000000372706
000000449394
000000034100
000000566855
000000351396
000000093048
000000036881
000000047732
000000329654
000000253796
000000564982
000000278747
000000383053
000000268787
000000079920
000000524459
000000374106
000000401991
000000056599
000000452272
000000387068
000000018908
000000009462
000000487696
000000171845
000000188029
000000549924
000000271424
000000186218
000000063325
000000078404
000000409914
000000023575
000000268717
000000457095
000000454894
000000327418
000000054479
000000360110
000000352582
000000502860
000000069008
000000156891
000000339576
000000137475
000000490624
000000463414
000000550349
000000443299
000000370448
000000067463
000000239884
000000491742
000000121709
000000219859
000000402632
000000185760
000000512533
000000066385
000000125672
000000122436
000000219589
000000347254
000000160864
000000458804
000000022924
000000041638
000000189770
000000357132
000000253887
000000401251
000000547421
000000074179
000000114500
000000027789
000000542060
000000154254
000000330208
000000123147
000000563717
000000092464
000000248252
000000029018
000000419150
000000152090
000000534553
000000444181
000000575357
000000014230
000000334417
000000570624
000000426329
000000513980
000000037038
000000204889
000000346090
000000147195
000000304949
000000440919
000000442125
000000051943
000000382448
000000237798
000000301684
000000155954
000000193578
000000074825
000000050926
000000063140
000000479008
000000418062
000000347495
000000348263
000000296477
000000265160
000000085110
000000234994
000000430791
000000417987
000000226102
000000336469
000000143458
000000084270
000000252393
000000109896
000000324052
000000493815
000000060034
000000279457
000000270135
000000245472
000000043073
000000330236
000000539791
000000395780
000000539079
000000359202
000000068974
000000030443
000000369201
000000581348
000000426558
000000209222
000000531115
000000477069
000000308872
000000101468
000000236323
000000489695
000000044491
000000506534
000000181216
000000339575
000000088527
000000130118
000000461123
000000038747
000000256637
000000392060
000000360678
000000195437
000000104406
000000394921
000000544121
000000360017
000000035580
000000568660
000000231654
000000294716
000000070298
000000580052
000000164381
000000444801
000000078593
000000124072
000000177143
000000385307
000000367836
000000332853
000000125882
000000383933
000000143665
000000517674
000000109417
000000488990
000000142564
000000146015
000000138573
000000006715
000000372844
000000283269
000000145381
000000573686
000000547675
000000067956
000000481851
000000130908
000000435468
000000162703
000000170464
000000139539
000000160159
000000098871
000000311783
000000528821
000000036797
000000049810
000000289767
000000285697
000000404302
000000184751
000000579725
000000190794
000000254476
000000217135
000000581563
000000507243
000000568731
000000136596
000000509698
000000520451
000000551701
000000555583
000000027862
000000049309
000000025902
000000298458
000000547431
000000517007
000000521471
000000060771
000000125955
000000126434
000000441286
000000011544
000000206800
000000026780
000000176279
000000383885
000000389753
000000362869
000000021343
000000542854
000000561186
000000380632
000000443525
000000458143
000000005469
000000375143
000000366135
000000016897
000000160974
000000411564
000000526165
000000407470
000000167781
000000532159
000000249291
000000452115
000000278934
000000451435
000000371654
000000233991
000000363461
000000445522
000000087554
000000410350
000000235582
000000044279
000000193720
000000239113
000000300284
000000295957
000000104262
000000206700
000000086956
000000412373
000000442638
000000001590
000000556056
000000555050
000000198121
000000091839
000000199346
000000123622
000000031699
000000444199
000000380139
000000237381
000000297409
000000018294
000000550545
000000210057
000000253825
000000134447
000000508749
000000463640
000000155505
000000519541
000000433515
000000015919
000000080480
000000207219
000000112096
000000073162
000000445425
000000156098
000000220991
000000116356
000000239144
000000383432
000000361799
000000408923
000000007155
000000418600
000000121316
000000491665
000000175011
000000545671
000000426845
000000074386
000000423834
000000541429
000000559425
000000045049
000000527096
000000433096
000000323896
000000368208
000000094920
000000480053
000000032607
000000153570
000000458925
000000337551
000000187352
000000179753
000000336511
000000188372
000000057641
000000424792
000000355674
000000004488
000000311208
000000461009
000000145335
000000080431
000000395740
000000120642
000000502433
000000557985
000000031187
000000416186
000000278315
000000570917
000000311891
000000046676
000000454755
000000110251
000000153563
000000161962
000000000902
000000058929
000000492817
000000323661
000000529373
000000200759
000000094664
000000236031
000000126317
000000300568
000000047290
000000044508
000000243820
000000484200
000000027972
000000377395
000000063970
000000512836
000000111705
000000273917
000000293689
000000367442
000000207739
000000243260
000000187795
000000264282
000000324000
000000407443
000000418816
000000492648
000000302230
000000366153
000000566346
000000273650
000000134119
000000001837
000000035715
000000291260
000000196332
000000479659
000000135266
000000429096
000000555015
000000285138
000000438989
000000281868
000000217793
000000501364
000000083283
000000273789
000000535212
000000532426
000000358486
000000568710
000000243472
000000129806
000000163316
000000025105
000000004549
000000147303
000000246014
000000351627
000000287035
000000256154
000000267612
000000317489
000000516476
000000121849
000000453111
000000179025
000000174357
000000566607
000000190914
000000466145
000000343503
000000238828
000000472130
000000527785
000000326300
000000109092
000000548822
000000490626
000000143749
000000470839
000000474598
000000203450
000000183051
000000343169
000000451406
000000492882
000000263458
000000528033
000000165639
000000357738
000000453070
000000499584
000000556748
000000010613
000000187103
000000566027
000000327944
000000384794
000000138910
000000312861
000000059082
000000022008
000000090802
000000417475
000000227497
000000481930
000000571661
000000038116
000000107148
000000578841
000000566785
000000559768
000000203497
000000111888
000000131208
000000423576
000000348785
000000345456
000000253477
000000088605
000000199304
000000138891
000000156626
000000213117
000000272632
000000336232
000000340658
000000363023
000000120347
000000141712
000000109224
000000344488
000000404905
000000142953
000000209128
000000158567
000000476605
000000061822
000000533022
000000111936
000000549810
000000034752
000000222101
000000184241
000000415663
000000043256
000000335725
000000178198
000000138905
000000212112
000000233575
000000040103
000000337274
000000297639
000000503332
000000011227
000000507830
000000479134
000000278161
000000572745
000000142259
000000423647
000000398287
000000159409
000000480241
000000169287
000000046732
000000574037
000000130735
000000565081
000000485368
000000074407
000000209544
000000293716
000000278297
000000539140
000000360747
000000383446
000000550576
000000193047
000000476412
000000395426
000000274642
000000580315
000000305502
000000032364
000000034104
000000396303
000000553284
000000083407
000000548296
000000314356
000000406445
000000294990
000000497140
000000016377
000000315565
000000160057
000000323164
000000201732
000000034831
000000033215
000000022059
000000452414
000000174048
000000106315
000000228329
000000224222
000000541627
000000539535
000000015619
000000210296
000000142719
000000489470
000000010094
000000118916
000000008204
000000545867
000000411241
000000214888
000000149568
000000554852
000000472078
000000045593
000000514556
000000432981
000000159233
000000190292
000000322480
000000541351
000000501116
000000520039
000000501693
000000226579
000000013252
000000194540
000000458045
000000459346
000000446358
000000438876
000000195271
000000422336
000000273316
000000547280
000000431452
000000506933
000000477605
000000328026
000000188941
000000018073
000000500359
000000288560
000000082881
000000304332
000000180521
000000427366
000000527257
000000000113
000000008305
000000126959
000000092366
000000569255
000000113251
000000417037
000000079969
000000031888
000000271364
000000260977
000000229449
000000260145
000000514771
000000265934
000000029146
000000157186
000000458248
000000136230
000000026609
000000573252
000000114884
000000252470
000000320402
000000003197
000000348654
000000062459
000000363869
000000437351
000000486580
000000055902
000000145264
000000232322
000000462643
000000352398
000000447726
000000072866
000000037063
000000035725
000000261688
000000036421
000000561390
000000415925
000000082794
000000292302
000000122937
000000570316
000000175072
000000274657
000000193579
000000012612
000000390935
000000061606
000000452250
000000202372
000000341296
000000499307
000000010560
000000023935
000000279131
000000179544
000000237600
000000575005
000000193299
000000255992
000000224693
000000355786
000000140821
000000536855
000000095418
000000240331
000000351888
000000334803
000000288724
000000363504
000000241046
000000077417
000000495680
000000301373
000000432432
000000481165
000000412575
000000281718
000000139429
000000014468
000000422886
000000305546
000000013595
000000108853
000000327165
000000168834
000000105055
000000353707
000000123579
000000429606
000000533288
000000051963
000000004246
000000227549
000000338132
000000159100
000000335774
000000556417
000000019534
000000409120
000000198493
000000294176
000000390658
000000484186
000000552775
000000466890
000000244082
000000337453
000000520485
000000018766
000000025996
000000575191
000000532710
000000126429
000000123074
000000474556
000000411501
000000162828
000000225925
000000071157
000000344936
000000279386
000000559145
000000090956
000000051618
000000117094
000000053725
000000307614
000000283323
000000225539
000000054340
000000291098
000000231401
000000462792
000000548020
000000342662
000000299648
000000125017
000000003109
000000057353
000000287488
000000497592
000000447082
000000152946
000000348922
000000223182
000000135270
000000523081
000000104067
000000058070
000000545226
000000431707
000000044170
000000084902
000000296901
000000500871
000000045655
000000053756
000000457037
000000310875
000000250124
000000403301
000000259952
000000530670
000000156258
000000449770
000000321064
000000540694
000000424982
000000473869
000000143221
000000493231
000000433714
000000569021
000000541108
000000000086
000000165253
000000438744
000000478582
000000024610
000000068028
000000015709
000000314703
000000518859
000000437412
000000410337
000000181446
000000460053
000000258588
000000219458
000000385701
000000352206
000000078030
000000264058
000000419723
000000070490
000000520036
000000021622
000000372037
000000581309
000000433279
000000573357
000000508504
000000570805
000000431897
000000124654
000000339250
000000204420
000000001401
000000570515
000000057072
000000266441
000000204700
000000547099
000000365142
000000152273
000000408481
000000030401
000000322211
000000260491
000000485288
000000316825
000000294407
000000471816
000000388113
000000456462
000000190423
000000499784
000000557721
000000338901
000000379261
000000441650
000000241318
000000271542
000000404613
000000125015
000000225175
000000162757
000000487021
000000006355
000000191729
000000048595
000000178279
000000177452
000000279588
000000279775
000000109145
000000079058
000000306947
000000298152
000000388030
000000268533
000000324365
000000028230
000000338838
000000507489
000000549830
000000477106
000000375080
000000522811
000000544615
000000260230
000000244862
000000362157
000000528493
000000504896
000000545033
000000160542
000000332987
000000096294
000000421536
000000223701
000000148282
000000048365
000000273658
000000112164
000000013550
000000412000
000000326527
000000110597
000000162799
000000352703
000000122542
000000538194
000000152871
000000030643
000000091463
000000386127
000000305710
000000148101
000000082740
000000066327
000000138659
000000114801
000000491888
000000056668
000000477924
000000244978
000000400082
000000392711
000000533159
000000291551
000000506577
000000451121
000000389226
000000078703
000000215174
000000363276
000000442774
000000431450
000000417164
000000417870
000000202086
000000221776
000000522909
000000512923
000000083013
000000580945
000000469912
000000288607
000000310725
000000031230
000000244442
000000116957
000000024310
000000265023
000000108395
000000136250
000000227843
000000326898
000000353893
000000442824
000000369969
000000482295
000000454541
000000059267
000000024601
000000534166
000000250597
000000230817
000000306800
000000450555
000000391474
000000408139
000000267289
000000236592
000000017450
000000042482
000000191017
000000506653
000000504034
000000043232
000000540498
000000483401
000000524297
000000348496
000000022482
000000172995
000000505643
000000312046
000000060690
000000099817
000000351904
000000491279
000000307091
000000075546
000000320308
000000485598
000000508087
000000256755
000000460673
000000227399
000000221246
000000105633
000000286478
000000403531
000000162592
000000083766
000000122073
000000460346
000000176038
000000124995
000000308436
000000362852
000000330955
000000210980
000000221172
000000198620
000000303926
000000036450
000000158160
000000312137
000000091595
000000522233
000000320763
000000506140
000000175470
000000520199
000000385626
000000398174
000000135815
000000012509
000000075723
000000149962
000000488573
000000153205
000000555002
000000190938
000000241764
000000318455
000000275215
000000274687
000000195606
000000401018
000000111737
000000263760
000000397511
000000374248
000000436620
000000090582
000000085053
000000562632
000000067631
000000050193
000000167683
000000139856
000000159026
000000050896
000000163314
000000497989
000000421542
000000374575
000000395007
000000319456
000000538478
000000393110
000000364455
000000579568
000000562901
000000011996
000000295480
000000195023
000000242955
000000150649
000000061982
000000182424
000000140481
000000063166
000000561013
000000571654
000000444324
000000165611
000000517318
000000202799
000000471342
000000045367
000000204100
000000248251
000000360211
000000227638
000000502663
000000572850
000000407178
000000208163
000000128299
000000324912
000000269942
000000398105
000000499431
000000282889
000000335781
000000439071
000000149500