000000495357
000000116061
000000205350
000000154589
000000225919
000000580255
000000370210
000000158497
000000390348
000000395230
000000155997
000000278435
000000047263
000000151988
000000205573
000000032054
000000153692
000000037017
000000569729
000000412764
000000070815
000000004678
000000057936
000000270744
000000351840
000000187349
000000282134
000000007125
000000386165
000000346965
000000559950
000000057703
000000191280
000000209468
000000511463
000000049097
000000210012
000000386968
000000210060
000000553436
000000558671
000000276719
000000521869
000000201190
000000245462
000000532426
000000106900
000000102735
000000319055
000000133608
000000346560
000000018783
000000162256
000000560373
000000349642
000000206784
000000144941
000000022621
000000007394
000000078260
000000128201
000000051191
000000092998
000000093959
000000087567
000000213765
000000293611
000000007276
000000107516
000000580027
000000392892
000000378482
000000353817
000000200116
000000331268
000000104326
000000008922
000000413435
000000530384
000000166401
000000364783
000000321522
000000499281
000000069969
000000199634
000000567787
000000086696
000000170365
000000283190
000000523978
000000315740
000000124654
000000318464
000000243600
000000515904
000000241318
000000161112
000000016896
000000511430
000000429807
000000358103
000000254644
000000541550
000000318361
000000512982
000000042492
000000045099
000000102625
000000212646
000000439837
000000089999
000000461256
000000242611
000000069340
000000348838
000000470256
000000392915
000000556178
000000309071
000000093604
000000402233
000000393054
000000199575
000000559159
000000307564
000000576576
000000370138
000000005965
000000443259
000000275270
000000389624
000000353982
000000470313
000000124004
000000238355
000000514018
000000543112
000000106193
000000300324
000000275781
000000203085
000000225913
000000043243
000000398606
000000106392
000000444390
000000388534
000000234470
000000264032
000000093140
000000444199
000000328462
000000120535
000000000939
000000410627
000000183620
000000290750
000000280498
000000072018
000000275668
000000366406
000000015918
000000093894
000000202273
000000475407
000000019608
000000469793
000000111099
000000264659
000000069189
000000152886
000000064909
000000265378
000000012547
000000489344
000000168834
000000038769
000000508846
000000463825
000000007722
000000290868
000000040414
000000347879
000000124462
000000028903
000000435316
000000574769
000000229740
000000171753
000000250951
000000465591
000000231846
000000130921
000000076588
000000178299
000000506151
000000171809
000000325356
000000063950
000000416668
000000536321
000000189939
000000322353
000000149184
000000185773
000000030356
000000486501
000000288639
000000381323
000000219492
000000092173
000000257036
000000311531
000000553698
000000437556
000000271035
000000316008
000000332159
000000497443
000000194313
000000463066
000000251639
000000072810
000000467675
000000157155
000000230615
000000190494
000000186822
000000392364
000000529344
000000017741
000000050411
000000327663
000000289949
000000483897
000000493641
000000511844
000000096420
000000298762
000000006033
000000161603
000000487631
000000210883
000000460145
000000193622
000000148055
000000184613
000000142718
000000153734
000000264805
000000538934
000000241844
000000258266
000000320703
000000040986
000000541493
000000235699
000000079754
000000490927
000000287151
000000173340
000000467705
000000344498
000000400123
000000473055
000000441473
000000092257
000000283816
000000332861
000000380247
000000236023
000000463610
000000107922
000000362127
000000274494
000000047873
000000507958
000000214463
000000037044
000000214274
000000079465
000000332499
000000031442
000000004731
000000399851
000000327529
000000146961
000000214046
000000369594
000000322783
000000367619
000000118450
000000275197
000000488349
000000022656
000000131804
000000557677
000000415218
000000311902
000000577946
000000158292
000000550552
000000548523
000000089391
000000137475
000000520124
000000064155
000000550864
000000083049
000000389168
000000436273
000000264628
000000561563
000000204448
000000027146
000000222500
000000449945
000000105177
000000508481
000000302077
000000222564
000000525420
000000006672
000000096183
000000272863
000000176120
000000368402
000000062510
000000422785
000000176330
000000047775
000000564283
000000436130
000000571635
000000151911
000000516805
000000350230
000000014629
000000460208
000000214007
000000298547
000000504248
000000064474
000000418070
000000397459
000000050981
000000521906
000000242365
000000156320
000000374430
000000526186
000000130030
000000389974
000000168512
000000054133
000000210372
000000387362
000000158760
000000251343
000000175052
000000449296
000000073861
000000581245
000000167529
000000132644
000000047603
000000334291
000000162113
000000425578
000000158982
000000521542
000000281868
000000048910
000000309022
000000373793
000000326564
000000321865
000000293148
000000110560
000000111076
000000570659
000000538092
000000215255
000000203661
000000395463
000000195179
000000067727
000000577654
000000028209
000000282711
000000327047
000000581501
000000095569
000000028506
000000415841
000000367142
000000523373
000000027285
000000478077
000000246613
000000359563
000000332908
000000025860
000000505132
000000328757
000000422350
000000097240
000000385001
000000309925
000000035525
000000016523
000000333683
000000369485
000000381031
000000183393
000000435466
000000195042
000000314016
000000009236
000000143370
000000230610
000000246327
000000190734
000000308506
000000029449
000000261175
000000195271
000000533003
000000234277
000000505728
000000085268
000000352422
000000553280
000000568717
000000079446
000000552610
000000231450
000000171413
000000369259
000000064152
000000207196
000000077486
000000154324
000000103667
000000098895
000000394517
000000459219
000000220741
000000240111
000000405146
000000346972
000000034811
000000437910
000000012946
000000165750
000000449466
000000231732
000000034474
000000573924
000000439907
000000560298
000000450359
000000105757
000000562139
000000570138
000000233112
000000059383
000000107123
000000567636
000000007214
000000347740
000000273470
000000130732
000000246106
000000065258
000000180718
000000066827
000000542934
000000094052
000000468885
000000393659
000000308730
000000544432
000000123843
000000000164
000000167477
000000119617
000000400596
000000312632
000000073009
000000545114
000000279149
000000192554
000000049984
000000089099
000000340511
000000221753
000000192458
000000542570
000000251062
000000288161
000000106120
000000426133
000000344271
000000091263
000000496099
000000122869
000000398554
000000447787
000000008045
000000365822
000000146276
000000316342
000000034137
000000556025
000000575978
000000046503
000000454203
000000454810
000000124707
000000367074
000000129001
000000181179
000000213429
000000569450
000000536972
000000114401
000000528411
000000118113
000000267135
000000192440
000000221681
000000485731
000000554445
000000552563
000000549763
000000174887
000000328797
000000107084
000000295105
000000034212
000000478312
000000285007
000000521587
000000262054
000000069121
000000341011
000000533978
000000509807
000000159377
000000186165
000000051355
000000055375
000000190705
000000184205
000000185935
000000442609
000000332607
000000543090
000000429366
000000428305
000000301827
000000416184
000000161720
000000517018
000000355106
000000163167
000000162249
000000532610
000000389445
000000459921
000000531086
000000411564
000000325239
000000465463
000000465327
000000483179
000000494269
000000519815
000000057671
000000053697
000000472621
000000193271
000000016590
000000390298
000000488822
000000278338
000000069293
000000382999
000000549668
000000242422
000000381608
000000243386
000000255665
000000522779
000000428041
000000384213
000000450125
000000010290
000000328255
000000325505
000000287320
000000014352
000000497002
000000137830
000000125059
000000275695
000000577377
000000114303
000000241645
000000380854
000000096107
000000542145
000000414156
000000337561
000000306313
000000060203
000000567789
000000085803
000000461030
000000474499
000000504827
000000404257
000000279491
000000025972
000000534467
000000345960
000000312020
000000135071
000000127337
000000058910
000000184994
000000372191
000000097036
000000556633
000000502749
000000208991
000000375180
000000397268
000000539423
000000303768
000000335539
000000559312
000000147545
000000117899
000000081315
000000142386
000000415672
000000441415
000000014635
000000350623
000000374628
000000045195
000000293802
000000308507
000000304409
000000448795
000000034445
000000279948
000000523217
000000339761
000000118181
000000557339
000000370207
000000082462
000000254589
000000113082
000000012754
000000106228
000000561514
000000140006
000000017882
000000123360
000000323528
000000015663
000000507249
000000258472
000000063619
000000377832
000000295403
000000291179
000000435937
000000308358
000000555622
000000267972
000000390137
000000056752
000000534736
000000360767
000000079841
000000199883
000000105647
000000037209
000000257236
000000483108
000000246590
000000065604
000000014821
000000241291
000000482742
000000043202
000000543193
000000571970
000000195510
000000325867
000000025853
000000528962
000000321107
000000145025
000000465692
000000353748
000000298784
000000331366
000000274528
000000062109
000000158795
000000383777
000000252625
000000328818
000000123555
000000139011
000000154830
000000013296
000000157416
000000215867
000000204360
000000124979
000000431113
000000353577
000000416523
000000147576
000000084540
000000552824
000000210522
000000152543
000000506577
000000139969
000000348306
000000575254
000000581394
000000292819
000000440284
000000237428
000000326168
000000467000
000000451944
000000061181
000000294918
000000075923
000000101636
000000549386
000000418535
000000520427
000000031092
000000256505
000000416098
000000252280
000000188146
000000301724
000000151877
000000316063
000000014297
000000330098
000000004069
000000377999
000000122302
000000076942
000000225686
000000204887
000000298540
000000108679
000000314515
000000288923
000000456323
000000349689
000000135671
000000106739
000000450308
000000397665
000000362343
000000223874
000000451559
000000515289
000000366111
000000386279
000000086448
000000565374
000000321886
000000561806
000000450206
000000021711
000000251124
000000406949
000000192128
000000534784
000000452700
000000415904
000000032124
000000128119
000000320246
000000263828
000000478858
000000187286
000000227460
000000493846
000000462565
000000010393
000000525058
000000314986
000000445309
000000258382
000000049371
000000018666
000000468953
000000387761
000000050481
000000044825
000000420081
000000001722
000000435387
000000071345
000000264599
000000448983
000000237568
000000123289
000000163412
000000174043
000000282130
000000023879
000000447119
000000175570
000000355221
000000578962
000000429042
000000550666
000000427561
000000522262
000000454642
000000093314
000000267802
000000360735
000000464515
000000400853
000000314907
000000515056
000000083935
000000566456
000000239355
000000576650
000000270175
000000110081
000000568265
000000012238
000000573214
000000546388
000000538242
000000301188
000000559665
000000448176
000000097434
000000408449
000000195267
000000345071
000000078537
000000567171
000000413339
000000250540
000000016977
000000096351
000000556345
000000537548
000000135666
000000470703
000000495993
000000064088
000000312341
000000342566
000000497504
000000349101
000000243825
000000540860
000000559730
000000412184
000000048609
000000359715
000000172710
000000378502
000000331785
000000268556
000000129587
000000004355
000000199481
000000148526
000000553879
000000122851
000000147386
000000080185
000000176793
000000164515
000000089378
000000359451
000000034222
000000371365
000000375823
000000360573
000000277073
000000327314
000000142261
000000271177
000000455610
000000349437
000000298225
000000258021
000000523953
000000261603
000000213932
000000050713
000000215998
000000344125
000000332221
000000468508
000000232262
000000478575
000000292505
000000115363
000000503837
000000107960
000000449768
000000370657
000000104647
000000490629
000000147068
000000044065
000000561433
000000391637
000000102746
000000464006
000000281696
000000175737
000000023821
000000450674
000000472160
000000242673
000000341299
000000379605
000000554459
000000303101
000000062726
000000385346
000000072843
000000564276
000000465418
000000408621
000000019523
000000419790
000000518197
000000052661
000000131919
000000349199
000000429924
000000402514
000000364079
000000203345
000000560879
000000327514
000000392320
000000345507
000000139637
000000398992
000000011340
000000337984
000000539124
000000267875
000000168775
000000418816
000000221547
000000354929
000000208871
000000395621
000000281766
000000289714
000000397514
000000217312
000000148243
000000525667
000000236148
000000117093
000000569251
000000533201
000000234794
000000142129
000000027755
000000242940
000000056580
000000385757
000000190515
000000046099
000000410855
000000574242
000000420627
000000184703
000000049942
000000083844
000000294403
000000316183
000000081210
000000274418
000000057645
000000447613
000000310071
000000162429
000000432702
000000482590
000000486194
000000162362
000000563605
000000545735
000000459680
000000190951
000000061503
000000123570
000000127050
000000501875
000000025668
000000026573
000000065661
000000356920
000000546126
000000260247
000000088682
000000333314
000000361124
000000242510
000000150144
000000536027
000000560890
000000536725
000000415828
000000293228
000000192154
000000527102
000000461248
000000340665
000000275161
000000089032
000000559440
000000354572
000000528351
000000368349
000000213091
000000061882
000000437947
000000010428
000000257685
000000449950
000000510707
000000251075
000000573993
000000535403
000000109434
000000173968
000000196742
000000429025
000000386707
000000124766
000000001146
000000530207
000000258680
000000317330
000000298197
000000479597
000000501919
000000033871
000000024391
000000304379
000000232073
000000534516
000000117037
000000519330
000000471641
000000044081
000000187791
000000448151
000000163289
000000118097
000000291202
000000363403
000000434415
000000363181
000000564404
000000106470
000000070813
000000562090
000000336001
000000391253
000000293334
000000436392
000000243773
000000235864
000000372220
000000010825
000000495377
000000428754
000000225850
000000208517
000000103114
000000294853
000000007256
000000303626
000000483374
000000535750
000000199404
000000480472
000000172315
000000463203
000000268224
000000531069
000000553129
000000493509
000000190829
000000506906
000000358252
000000482562
000000106351
000000073280
000000008594
000000409855
000000272253
000000454907
000000452695
000000146078
000000393984
000000527759
000000306108
000000280857
000000139004
000000299776
000000493843
000000137118
000000097427
000000217989
000000255248
000000526364
000000104392
000000420490
000000138806
000000345389
000000569801
000000103806
000000540642
000000553747
000000086408
000000356533
000000534659
000000080652
000000490711
000000038963
000000223094
000000118378
000000531499
000000287335
000000432150
000000065358
000000050609
000000519649
000000291742
000000028239
000000301837
000000048708
000000580388
000000329931
000000164121
000000476335
000000121904
000000032932
000000543525
000000181446
000000135356
000000345245
000000533166
000000058758
000000264347
000000347558
000000131661
000000026348
000000565296
000000022158
000000147042
000000353317
000000004296
000000048905
000000045746
000000010114
000000218205
000000044294
000000008292
000000055544
000000088634
000000581177
000000125707
000000260330
000000157669
000000050753
000000205577
000000069914
000000087052
000000399879
000000133515
000000277563
000000000486
000000385103
000000465877
000000045434
000000398661
000000009274
000000237759
000000348087
000000178331
000000342387
000000430287
000000098493
000000347113
000000297414
000000358302
000000357944
000000110501
000000390190
000000070321
000000042182
000000176374
000000578848
000000535889
000000544522
000000423165
000000141795
000000162280
000000256713
000000300216
000000062210
000000134715
000000036053
000000370233
000000298732
000000407915
000000245996
000000204804
000000466583
000000328091
000000482432
000000010800
000000058079
000000303413
000000281683
000000092051
000000185633
000000096998
000000185041
000000315702
000000255158
000000186697
000000511777
000000114183
000000133680
000000002139
000000565085
000000087588
000000384849
000000305101
000000312175
000000332877
000000328316
000000574825
000000257448
000000428769
000000272015
000000182423
000000193875
000000285742
000000317410
000000019451
000000572604
000000477500
000000097131
000000235380
000000142257
000000511583
000000243810
000000198775
000000201496
000000115229
000000279024
000000404718
000000471097
000000315491
000000031519
000000185373
000000299970
000000170393
000000325343
000000346904
000000223574
000000488327
000000490638
000000282658
000000580041
000000027530
000000367336
000000069926
000000058223
000000264718
000000354724
000000198139
000000062200
000000187424
000000258674
000000459342
000000480225
000000349344
000000054305
000000154854
000000160345
000000067956
000000124102
000000153803
000000050125
000000062251
000000094610
000000408364
000000231795
000000386189
000000318543
000000332461
000000301634
000000216790
000000559252
000000111789
000000235788
000000245383
000000041570
000000149669
000000445002
000000131063
000000019456
000000005802
000000143576
000000527260
000000273859
000000090732
000000418854
000000498547
000000289260
000000124601
000000239376
000000209655
000000391132
000000135613
000000495681
000000076525
000000250240
000000107340
000000453159
000000523400
000000344488
000000269017
000000512576
000000163518
000000059479
000000250311
000000231236
000000195750
000000319579
000000298629
000000115370
000000027842
000000543740
000000193021
000000353510
000000379158
000000195955
000000383703
000000249418
000000108212
000000123136
000000413056
000000390184
000000156846
000000248919
000000546428
000000358629
000000058364
000000236717
000000372938
000000238147
000000290798
000000032760
000000186036
000000493610
000000217133
000000194184
000000435047
000000209782
000000246717
000000477470
000000209788
000000446799
000000014278
000000234697
000000254864
000000437432
000000369820
000000556616
000000352703
000000229643
000000203669
000000451345
000000045976
000000363321
000000227265
000000457834
000000531967
000000196280
000000393180
000000337517
000000281315
000000117759
000000212074
000000273450
000000095595
000000179930
000000151141
000000090255
000000225963
000000080131
000000058690
000000370209
000000186368
000000573223
000000077296
000000574138
000000214727
000000267683
000000156324
000000062491
000000378276
000000041397
000000302159
000000467297
000000150342
000000359136
000000448759
000000204188
000000207969
000000223157
000000067765
000000092678
000000319456
000000162454
000000580870
000000307342
000000171371
000000463836
000000475593
000000490381
000000535506
000000271560
000000477016
000000228604
000000441196
000000294209
000000530033
000000150538
000000147958
000000401411
000000319221
000000075595
000000085390
000000271206
000000055727
000000573843
000000134981
000000185201
000000091353
000000579003
000000102353
000000456574
000000321811
000000170630
000000348447
000000062423
000000235964
000000522418
000000434689
000000317639
000000414578
000000407017
000000430791
000000399384
000000262672
000000410272
000000463398
000000104751
000000229481
000000362778
000000557923
000000509192
000000540209
000000074135
000000124210
000000352761
000000306404
000000498374
000000451412
000000150088
000000410319
000000071986
000000107963
000000405648
000000574672
000000358191
000000262514
000000202653
000000091416
000000071306
000000319275
000000161567
000000103538
000000512667
000000181359
000000322031
000000384553
000000357586
000000450357
000000170178
000000149571
000000387696
000000370462
000000339588
000000513129
000000048674
000000423769
000000578813
000000329957
000000015810
000000180787
000000319541
000000010463
000000497375
000000039267
000000158922
000000131018
000000064342
000000576704
000000231644
000000242189
000000426754
000000406500
000000176275
000000360434
000000539251
000000293964
000000431306
000000315018
000000295574
000000422517
000000399832
000000488755
000000101491
000000381551
000000455325
000000568925
000000417596
000000561620
000000179921
000000428847
000000359203
000000222313
000000444382
000000220171
000000040446
000000266853
000000555472
000000237777
000000209015
000000373988
000000122317
000000197775
000000153901
000000228335
000000395512
000000295960
000000035222
000000161983
000000149550
000000185546
000000204044
000000322141
000000416467
000000061316
000000403145
000000523660
000000427796
000000431236
000000240501
000000192079
000000152298
000000246701
000000447596
000000540820
000000088562
000000443949
000000401642
000000456223
000000019484
000000447546
000000314370
000000490286
000000091341
000000307784
000000396461
000000346940
000000554037
000000130555
000000011360
000000262093
000000570981
000000412978
000000012326
000000220704
000000101456
000000369082
000000400552
000000109216
000000542611
000000441522
000000493235
000000384952
000000308543
000000088988
000000511892
000000294595
000000353398
000000226097
000000039770
000000051476
000000227220
000000124236
000000493376
000000019028
000000253579
000000083097
000000352000
000000187933
000000469795
000000541345
000000560948
000000356400
000000544198
000000206147
000000140963
000000267844
000000465545
000000526030
000000471043
000000046775
000000134815
000000516868
000000536369
000000188136
000000434098
000000138079
000000255928
000000476299
000000128392
000000117535
000000047632
000000110559
000000024845
000000219473
000000362026
000000270721
000000485452
000000351149
000000575817
000000268395
000000285433
000000184700
000000429323
000000578454
000000552901
000000194288
000000158344
000000356351
000000421676
000000474519
000000142337
000000419971
000000380162
000000401556
000000574166
000000404785
000000262030
000000484587
000000521359
000000448320
000000195897
000000394957
000000549384
000000422916
000000330536
000000093116
000000469471
000000207400
000000005314
000000327323
000000523426
000000252610
000000225867
000000478175
000000223122
000000443952
000000246263
000000545162
000000085632
000000056426
000000132342
000000514682
000000360371
000000460812
000000433919
000000011727
000000185276
000000487525
000000320951
000000164242
000000305464
000000058797
000000024996
000000079415
000000409125
000000426053
000000321706
000000046538
000000043771
000000151832
000000283131
000000431352
000000030270
000000031660
000000253441
000000171717
000000379580
000000124300
000000313063
000000034701
000000470348
000000337969
000000188421
000000326781
000000093331
000000564699
000000353920
000000421471
000000050655
000000422416
000000242363
000000315948
000000386584
000000051741
000000347150
000000050443
000000047938
000000001803
000000577521
000000029224
000000032947
000000433625
000000576160
000000555035
000000206958
000000050521
000000075101
000000066879
000000294131
000000032990
000000252829
000000196047
000000579134
000000010115
000000496604
000000013432
000000107907
000000567693
000000345224
000000352744
000000157084
000000334161
000000230600
000000024061
000000299550
000000409566
000000350799
000000257660
000000299077
000000300034
000000137763
000000049190
000000436141
000000297976
000000419081
000000472704
000000173490
000000292278
000000124607
000000383601
000000159151
000000462982
000000058472
000000381792
000000504970
000000019817
000000195790
000000382542
000000168246
000000388284
000000152759
000000196168
000000347753
000000474430
000000146149
000000061422
000000555939
000000529069
000000574145
000000041839
000000304355
000000224736
000000030432
000000482210
000000271712
000000495984
000000444672
000000435533
000000480757
000000002388
000000447038
000000110601
000000517548
000000053434
000000412753
000000101647
000000154363
000000512495
000000571596
000000182450
000000027065
000000545317
000000017235
000000326256
000000572399
000000281019
000000485916
000000303726
000000310532
000000313491
000000490567
000000462364
000000014921
000000195306
000000375916
000000078554
000000577564
000000087561
000000254750
000000038314
000000497099
000000069773
000000231093
000000323598
000000345401
000000334170
000000410301
000000275929
000000529507
000000296707
000000411968
000000372816
000000127496
000000005412
000000214204
000000082363
000000564816
000000249356
000000431197
000000040051
000000154420
000000338098
000000449731
000000215675
000000301595
000000533074
000000563185
000000257327
000000485628
000000331096
000000390583
000000514537
000000530054
000000306444
000000330265
000000547003
000000355418
000000156754
000000144809
000000460944
000000138124
000000456328
000000149304
000000108548
000000342025
000000435005
000000486008
000000234733
000000350649
000000378709
000000443963
000000209682
000000281017
000000405296
000000325078
000000550597
000000136920
000000340934
000000104837
000000400945
000000505849
000000577912
000000141910
000000227852
000000332532
000000287829
000000162677
000000294832
000000134649
000000322594
000000135117
000000421316
000000173819
000000287554
000000057495
000000576667
000000377845
000000531111
000000156832
000000408859
000000336937
000000520489
000000239082
000000300245
000000461692
000000046869
000000436848
000000394009
000000512966
000000284153
000000480793
000000042383
000000072428
000000070434
000000386766
000000035498
000000556230
000000460378
000000408805
000000009668
000000561783
000000241599
000000564629
000000097159
000000403013
000000332480
000000309033
000000411941
000000470935
000000243857
000000466665
000000229324
000000055066
000000375317
000000425569
000000285664
000000018918
000000180495
000000470113
000000545101
000000432886
000000538231
000000499391
000000010844
000000320480
000000403482
000000577857
000000453485
000000394659
000000317206
000000338146
000000337815
000000284365
000000183249
000000510992
000000549954
000000063661
000000577212
000000134206
000000535977
000000261679
000000128842
000000482022
000000161506
000000514294
000000215691
000000086320
000000035526
000000072935
000000215709
000000000590
000000469638
000000103856
000000329341
000000175310
000000323959
000000420697
000000014282
000000570586
000000464176
000000088846
000000241528
000000005328
000000466118
000000023623
000000196521
000000545597
000000535902
000000430420
000000366867
000000340559
000000103631
000000575032
000000473849
000000472445
000000223467
000000080219
000000146730
000000526767
000000074132
000000553558
000000196793
000000026522
000000095300
000000120254
000000177420
000000214664
000000476313
000000323186
000000441225
000000204832
000000137402
000000024924
000000414324
000000543961
000000185930
000000240175
000000543178
000000298461
000000564151
000000235404
000000557135
000000386929
000000139097
000000391656
000000078035
000000425371
000000033243
000000382438
000000344561
000000548706
000000041478
000000431967
000000151651
000000374950
000000442428
000000146999
000000275279
000000339943
000000044361
000000225847
000000303928
000000356299
000000554749
000000478742
000000166532
000000505385
000000506220
000000043997
000000381393
000000432605
000000209239
000000295756
000000109826
000000494438
000000139971
000000538359
000000560794
000000087929
000000324266
000000145746
000000459786
000000061782
000000324253
000000212525
000000121215
000000192291
000000341700
000000188733
000000134691
000000350975
000000455483
000000097017
000000513064
000000024323
000000269287
000000048185
000000024636
000000094317
000000170041
000000167443
000000196342
000000474003
000000370697
000000325423
000000328452
000000359659
000000216320
000000339256
000000444270
000000234590
000000103306
000000166323
000000051143
000000118507
000000069223
000000514416
000000510782
000000373140
000000103488
000000355575
000000353409
000000280972
000000455384
000000358883
000000143221
000000391011
000000075857
000000055077
000000465324
000000242679
000000092016
000000075663
000000541279
000000218811
000000514982
000000427239
000000185512
000000221307
000000172886
000000295769
000000215596
000000249227
000000059973
000000432421
000000554433
000000092014
000000225546
000000540186
000000028790
000000480421
000000340737
000000272673
000000168225
000000467742
000000504194
000000445371
000000328368
000000488154
000000216051
000000069000
000000091612
000000019322
000000016377
000000561780
000000071004
000000217082
000000239048
000000236904
000000444073
000000391139
000000107542
000000515226
000000169800
000000423036
000000425555
000000563009
000000008351
000000070493
000000018148
000000355234
000000497674
000000380828
000000357943
000000084530
000000329687
000000521133
000000506544
000000035894
000000334321
000000467130
000000334391
000000129187
000000531189
000000035438
000000178948
000000401163
000000047367
000000441458
000000307332
000000578776
000000566027
000000388829
000000163782
000000555298
000000198176
000000430867
000000053677
000000046345
000000156458
000000516422
000000131714
000000444236
000000284043
000000405248
000000021688
000000363415
000000401907
000000253964
000000424258
000000132689
000000555763
000000128168
000000466332
000000471350
000000386650
000000253749
000000255096
000000523454
000000381021
000000499983
000000253036
000000052368
000000258702
000000125476
000000254001
000000075344
000000395865
000000556901
000000255279
000000288336
000000192616
000000358606
000000396932
000000493435
000000522782
000000155142
000000211112
000000124803
000000513073
000000175954
000000291380
000000533039
000000470536
000000562851
000000126502
000000361948
000000355860
000000539791
000000393145
000000306154
000000002142
000000352936
000000559051
000000017095
000000391029
000000007325
000000092377
000000256250
000000328433
000000321476
000000145426
000000483266
000000424219
000000327433
000000368442
000000040926
000000503660
000000532568
000000501116
000000336340
000000127259
000000126701
000000457119
000000262323
000000342649
000000156974
000000324139
000000548296
000000536720
000000458846
000000153184
000000193388
000000254172
000000418144
000000505733
000000543713
000000316658
000000435569
000000300725
000000249325
000000413839
000000484026
000000426629
000000088225
000000348991
000000068203
000000092795
000000182903
000000397045
000000148272
000000146981
000000385139
000000074268
000000115070
000000423513
000000171058
000000372983
000000133707
000000148968
000000488206
000000569249
000000448024
000000030156
000000576191
000000046316
000000379210
000000067106
000000090349
000000350133
000000109869
000000126324
000000500859
000000469424
000000228683
000000412807
000000228506
000000510515
000000112770
000000233005
000000022129
000000559047
000000052925
000000552395
000000142719
000000381721
000000096983
000000252617
000000353149
000000481911
000000258773
000000528786
000000432317
000000225792
000000514248
000000011320
000000276076
000000189885
000000545867
000000489248
000000290570
000000370266
000000428067
000000564098
000000330676
000000561670
000000366157
000000324710
000000182984
000000333730
000000380756
000000480643
000000436511
000000199610
000000056504
000000539784
000000323116
000000334614
000000541274
000000305978
000000096711
000000313627
000000335065
000000160089
000000309528
000000094419
000000044151
000000292945
000000165547
000000449976
000000043344
000000241124
000000267932
000000415048
000000553862
000000375450
000000333412
000000566364
000000472143
000000578347
000000204507
000000103035
000000140307
000000123017
000000233079
000000357819
000000109231
000000575293
000000173997
000000284954
000000017267
000000034866
000000331289
000000140908
000000190313
000000061897
000000029913
000000006019
000000208408
000000258860
000000062459
000000212663
000000426917
000000328352
000000224118
000000528729
000000447991
000000078488
000000507187
000000429710
000000110881
000000028114
000000450263
000000035328
000000420882
000000572767
000000206684
000000424641
000000442582
000000210982
000000559113
000000393578
000000073527
000000434410
000000270376
000000031019
000000093964
000000451228
000000156370
000000155270
000000277094
000000102056
000000318200
000000027611
000000404792
000000356394
000000488573
000000331386
000000487688
000000147195
000000121430
000000406329
000000333746
000000458338
000000372706
000000567013
000000566249
000000413096
000000366179
000000461123
000000508302
000000078982
000000106508
000000438811
000000302137
000000279097
000000242222
000000216618
000000546687
000000079392
000000333365
000000213649
000000386967
000000106661
000000231402
000000508541
000000251098
000000191474
000000319655
000000347768
000000438364
000000133923
000000512334
000000552636
000000257270
000000519676
000000386514
000000422326
000000064510
000000072776
000000436162
000000491881
000000444703
000000350736
000000217009
000000226801
000000054039
000000496313
000000310473
000000235595
000000524533
000000107247
000000330408
000000393254
000000549119
000000392392
000000432378
000000398148
000000024343
000000271565
000000145921
000000032284
000000028675
000000350860
000000237324
000000526401
000000278237
000000359182
000000519784
000000299593
000000034820
000000172478
000000373029
000000284160
000000419978
000000018158
000000399905
000000488789
000000449872
000000320249
000000543203
000000199951
000000355569
000000571821
000000370448
000000283498
000000042408
000000321516
000000492800
000000151807
000000463084
000000246435
000000201887
000000559171
000000454129
000000056070
000000312559
000000025433
000000260238
000000491793
000000308276
000000018462
000000471868
000000343187
000000252911
000000363881
000000309492
000000529813
000000033073
000000299649
000000386032
000000374987
000000073182
000000342490
000000244421
000000125870
000000051089
000000077628
000000383464
000000205676
000000011887
000000397117
000000432333
000000475529
000000244455
000000526711
000000100978
000000521221
000000571384
000000437423
000000255036
000000262006
000000140783
000000524775
000000044801
000000287396
000000281534
000000126659
000000477705
000000028389
000000091636
000000408840
000000471488
000000151095
000000059666
000000157112
000000362714
000000357493
000000568972
000000387082
000000241728
000000247576
000000275843
000000491000
000000484301
000000181296
000000172599
000000476005
000000244246
000000225076
000000139549
000000087435
000000227940
000000182176
000000222548
000000149974
000000434693
000000319345
000000293909
000000445606
000000303738
000000051167
000000485887
000000240775
000000487530
000000186821
000000271917
000000579036
000000229478
000000220690
000000027969
000000507927
000000305480
000000009286
000000112372
000000394535
000000340778
000000026209
000000483165
000000394131
000000556597
000000503238
000000269975
000000101933
000000027642
000000106375
000000087429
000000542803
000000109340
000000038180
000000436972
000000301453
000000159233
000000504958
000000556349
000000079930
000000290170
000000421131
000000531061
000000565031
000000148843
000000134537
000000492885
000000422870
000000574357
000000444926
000000042805
000000131597
000000098656
000000190150
000000413822
000000055955
000000046077
000000325836
000000069670
000000394240
000000261999
000000114147
000000126657
000000451471
000000067131
000000541783
000000168580
000000562519
000000014321
000000175024
000000088168
000000057323
000000240681
000000363048
000000045110
000000315601
000000205002
000000322263
000000022671
000000436559
000000115626
000000538230
000000475389
000000492395
000000477688
000000542183
000000127119
000000191990
000000268725
000000184531
000000265872
000000369763
000000523371
000000359086
000000391343
000000406734
000000131494
000000567683
000000185904
000000133002
000000390017
000000106810
000000142537
000000345160
000000487428
000000394002
000000394773
000000387773
000000052161
000000019904
000000285192
000000080260
000000099425
000000565635
000000078288
000000078580
000000497878
000000495311
000000052759
000000252844
000000232931
000000570001
000000183379
000000329573
000000282229
000000522452
000000151081
000000504101
000000355370
000000498666
000000003035
000000008005
000000267521
000000237060
000000457054
000000225558
000000525371
000000098523
000000438185
000000368541
000000424445
000000409119
000000091667
000000204650
000000525344
000000488278
000000378448
000000575198
000000015709
000000028157
000000539808
000000008180
000000105552
000000445643
000000540697
000000326517
000000049014
000000395978
000000321432
000000376177
000000127668
000000099518
000000217783
000000579602
000000448288
000000315672
000000018975
000000177101
000000460373
000000515854
000000365623
000000162998
000000296996
000000577783
000000521472
000000054344
000000534669
000000224247
000000353981
000000541223
000000036492
000000516174
000000204611
000000009699
000000400507
000000068457
000000095561
000000558677
000000135057
000000371330
000000396051
000000069196
000000193389
000000289173
000000541627
000000300066
000000384114
000000073450
000000547431
000000368611
000000500718
000000398385
000000547136
000000162939
000000283163
000000285114
000000503292
000000262940
000000471562
000000061624
000000389655
000000218224
000000490225
000000396673
000000279649
000000303603
000000077123
000000074434
000000285681
000000062915
000000550055
000000306908
000000346759
000000347253
000000326919
000000414917
000000450483
000000331405
000000373846
000000436456
000000575896
000000547293
000000457684
000000072666
000000100974
000000401330
000000150410
000000497875
000000513681
000000448690
000000357899
000000465735
000000576582
000000362122
000000441695
000000128644
000000277146
000000133279
000000537427
000000560623
000000055432
000000159427
000000042406
000000266099
000000253262
000000423837
000000555953
000000350073
000000430750
000000184330
000000532390
000000416271
000000093411
000000038929
000000407146
000000241373
000000159740
000000316365
000000446455
000000143224
000000565230
000000492132
000000113801
000000295340
000000078696
000000419235
000000364009
000000507330
000000170784
000000008080
000000367205
000000430467
000000246270
000000194598
000000132982
000000083736
000000178747
000000517296
000000556101
000000066717
000000011494
000000092131
000000311471
000000061520
000000213280
000000315976
000000102668
000000558229
000000505890
000000383322
000000239492
000000497127
000000273067
000000274451
000000108272
000000223466
000000138601
000000173797
000000514016
000000060128
000000425388
000000574200
000000003793
000000387850
000000055768
000000448626
000000150129
000000138040
000000480075
000000188735
000000052952
000000022979
000000330204
000000568623
000000213693
000000257382
000000463211
000000449412
000000299044
000000010014
000000559315
000000054025
000000205782
000000242644
000000220307
000000007355
000000469119
000000039368
000000347506
000000061938
000000237254
000000129065
000000386592
000000562632
000000008204
000000412793
000000440461
000000005123
000000182398
000000130352
000000203370
000000297323
000000541879
000000299083
000000071752
000000549568
000000231617
000000444493
000000347620
000000042008
000000347453
000000111547
000000003134
000000383053
000000256906
000000523195
000000412301
000000049885
000000110330
000000199578
000000274655
000000529083
000000150267
000000003983
000000433963
000000095371
000000073256
000000499615
000000036012
000000335241
000000269099
000000371139
000000383389
000000564865
000000290959
000000410912
000000474526
000000101913
000000161185
000000086133
000000160726
000000346954
000000004359
000000245450
000000158277
000000172271
000000280293
000000397786
000000112240
000000573033
000000181643
000000474862
000000284152
000000395928
000000040894
000000246233
000000163929
000000131493
000000579362
000000450724
000000160927
000000443835
000000206806
000000362812
000000503467
000000330754
000000541924
000000328008
000000485822
000000359310
000000399942
000000386370
000000531917
000000573686
000000573947
000000210050
000000495519
000000505967
000000581422
000000375810
000000316715
000000396496
000000534194
000000396350
000000036077
000000099081
000000266831
000000268469
000000289073
000000155873
000000558064
000000333538
000000511363
000000278512
000000092338
000000207853
000000461976
000000578168
000000518030
000000338607
000000398119
000000043486
000000304069
000000351875
000000245049
000000290896
000000451234
000000365618
000000105885
000000543393
000000460652
000000358817
000000084168
000000478736
000000416125
000000327089
000000510230
000000112164
000000440842
000000554286
000000540529
000000128586
000000268717
000000463151
000000572095
000000128373
000000389255
000000433547
000000425472
000000356800
000000163076
000000493321
000000369249
000000459912
000000348091
000000029709
000000400851
000000228350
000000202470
000000229647
000000401018
000000510636
000000248382
000000172319
000000354088
000000419216
000000195798
000000302222
000000108129
000000134178
000000532735
000000059455
000000103431
000000129690
000000106096
000000235302
000000025896
000000193936
000000034299
000000017921
000000070192
000000144870
000000273494
000000211141
000000198645
000000299986
000000010643
000000117674
000000000328
000000051181
000000019333
000000259555
000000334941
000000022660
000000059463
000000579859
000000415413
000000038540
000000304341
000000448697
000000092488
000000447758
000000169226
000000270556
000000212759
000000288435
000000521849
000000091520
000000320482
000000201670
000000198486
000000126822
000000416220
000000217886
000000405675
000000160276
000000146855
000000521995
000000128939
000000097857
000000425874
000000389378
000000561570
000000090020
000000162752
000000575904
000000009379
000000228122
000000413626
000000035401
000000201555
000000506483
000000366831
000000522566
000000217156
000000038465
000000089150
000000035313
000000106335
000000188173
000000420963
000000436694
000000429833
000000423005
000000567118
000000217517
000000376321
000000379014
000000437303
000000155671
000000259342
000000252201
000000016076
000000008179
000000170072
000000168234
000000133827
000000524216
000000375130
000000390684
000000556278
000000248771
000000121812
000000058851
000000412455
000000178156
000000568115
000000540694
000000058123
000000338105
000000545000
000000480951
000000119802
000000035148
000000120412
000000072338
000000101180
000000155216
000000119748
000000162692
000000091283
000000180329
000000173080
000000090616
000000069944
000000159374
000000091909
000000469803
000000277521
000000427091
000000489482
000000540180
000000132143
000000457453
000000398007
000000113935
000000540101
000000464092
000000236674
000000564088
000000198004
000000360449
000000046805
000000559303
000000035105
000000554537
000000422877
000000309696
000000312343
000000517674
000000109012
000000110460
000000560440
000000198477
000000137156
000000315128
000000344930
000000240589
000000253986
000000286010
000000228558
000000330053
000000355756
000000405530
000000060093
000000084592
000000236246
000000506489
000000176466
000000430690
000000334975
000000527379
000000473050
000000425644
000000175867
000000509675
000000513646
000000213475
000000124952
000000192594
000000204206
000000463932
000000141616
000000575012
000000518438
000000217181
000000104381
000000287967
000000446861
000000233711
000000463048
000000365611
000000479805
000000539310
000000129547
000000101053
000000195444
000000026609
000000533311
000000307438
000000260048
000000455515
000000563040
000000200274
000000506401
000000499950
000000450500
000000156098
000000026025
000000328301
000000406070
000000450223
000000026017
000000181948
000000255795
000000432273
000000022167
000000015667
000000050752
000000111546
000000380057
000000477846
000000262505
000000249404
000000350505
000000083364
000000224111
000000480416
000000442667
000000406103
000000555066
000000214255
000000347460
000000334276
000000370953
000000436387
000000096946
000000449793
000000263177
000000458365
000000252292
000000179346
000000172265
000000275027
000000259085
000000393288
000000280238
000000058701
000000558635
000000515876
000000297944
000000166056
000000176278
000000242139
000000233164
000000194729
000000214732
000000513778
000000077615
000000027484
000000064390
000000434850
000000558992
000000191758
000000418219
000000524436
000000448078
000000191047
000000032456
000000181524
000000302787
000000413172
000000248767
000000027756
000000260275
000000406841
000000197666
000000113251
000000559166
000000257407
000000242270
000000090351
000000077924
000000522015
000000113333
000000308388
000000240173
000000197462
000000487059
000000313948
000000334743
000000040620
000000113001
000000408138
000000187240
000000339368
000000510842
000000047516
000000365542
000000329900
000000517623
000000132336
000000420422
000000105872
000000354027
000000235919
000000331642
000000258350
000000516476
000000097249
000000549448
000000479556
000000005535
000000271248
000000521804
000000211192
000000215708
000000237920
000000538163
000000325623
000000256403
000000304725
000000189376
000000385238
000000053058
000000305876
000000310564
000000474437
000000096832
000000224238
000000200231
000000056638
000000234938
000000382625
000000232894
000000554582
000000122314
000000212288
000000124756
000000505831
000000573930
000000169111
000000144985
000000053748
000000043561
000000127971
000000434159
000000474906
000000236457
000000006701
000000249273
000000338153
000000509536
000000000359
000000339974
000000216457
000000241010
000000577355
000000093620
000000130651
000000102741
000000336579
000000372316
000000536294
000000457558
000000179926
000000410339
000000492472
000000283277
000000362159
000000452308
000000558594
000000002621
000000286544
000000362521
000000304240
000000382699
000000138768
000000184667
000000308907
000000376187
000000240084
000000100016
000000151558
000000144167
000000023019
000000059458
000000369482
000000235491
000000372433
000000434316
000000102906
000000481325
000000527164
000000083331
000000024851
000000538879
000000152525
000000168096
000000133995
000000396811
000000181007
000000099984
000000041119
000000116295
000000388026
000000213276
000000049994
000000215524
000000272610
000000471118
000000487299
000000548464
000000411845
000000494404
000000095063
000000128907
000000379760
000000074096
000000304044
000000170550
000000081561
000000576015
000000168455
000000267840
000000430473
000000040557
000000128441
000000179948
000000243328
000000034900
000000159320
000000284860
000000542077
000000292394
000000106677
000000151922
000000367843
000000068114
000000498010
000000361400
000000433483
000000361993
000000427876
000000197335
000000472101
000000072050
000000112329
000000538828
000000520232
000000412584
000000345275
000000019047
000000222494
000000449895
000000568110
000000580029
000000185210
000000571504
000000143174
000000079836
000000345930
000000059732
000000145700
000000328041
000000438481
000000475660
000000221737
000000541631
000000134863
000000148909
000000577417
000000126046
000000064425
000000517890
000000311068
000000364757
000000053139
000000395289
000000230915
000000260232
000000486164
000000020796
000000219014
000000447842
000000076249
000000352127
000000238836
000000160025
000000425690
000000420852
000000458221
000000368117
000000097659
000000035897
000000021202
000000556012
000000135319
000000521634
000000206290
000000040064
000000109425
000000435312
000000063309
000000436653
000000465996
000000264375
000000574790
000000404781
000000507362
000000322824
000000000699
000000428885
000000185721
000000455170
000000227125
000000071850
000000120905
000000167422
000000479195
000000372212
000000125524
000000403515
000000315195
000000333826
000000440354
000000052005
000000040087
000000332113
000000034580
000000345535
000000404618
000000486905
000000363652
000000463303
000000022649
000000027658
000000539904
000000052627
000000439969
000000514249
000000407072
000000331024
000000339469
000000581262
000000017859
000000071857
000000558107
000000146451
000000192763
000000418002
000000357930
000000335839
000000469721
000000278222
000000264940
000000004760
000000220621
000000320290
000000013159
000000084200
000000015862
000000272925
000000268641
000000318224
000000161010
000000247609
000000274931
000000066510
000000290002
000000278375
000000395382
000000025809
000000262677
000000313888
000000463615
000000326312
000000035012
000000087481
000000071965
000000066508
000000303197
000000458156
000000094951
000000247840
000000419080
000000431573
000000092543
000000279387
000000181742
000000089395
000000145742
000000492163
000000373753
000000489346
000000176031
000000359843
000000331223
000000314200
000000551170
000000097767
000000427956
000000129592
000000112928
000000531970
000000552156
000000348648
000000544644
000000429802
000000486355
000000117079
000000062661
000000022113
000000386958
000000148785
000000229385
000000209824
000000054011
000000080013
000000225916
000000117792
000000466263
000000064902
000000427376
000000320171
000000440559
000000410437
000000208318
000000079924
000000021671
000000147537
000000317087
000000203483
000000183348
000000075173
000000406729
000000499268
000000576607
000000310035
000000340308
000000516342
000000232488
000000293315
000000519565
000000100977
000000075095
000000302842
000000534377
000000315939
000000014175
000000314193
000000367860
000000500833
000000023660
000000506127
000000150508
000000013132
000000027528
000000491902
000000291298
000000337143
000000381519
000000189103
000000203697
000000022103
000000398882
000000353320
000000154497
000000328786
000000290828
000000467151
000000143129
000000281111
000000296816
000000381925
000000323288
000000246876
000000034617
000000439516
000000371395
000000531928
000000014470
000000307547
000000470714
000000395749
000000080713
000000463783
000000468993
000000511654
000000337619
000000010040
000000440060
000000533532
000000510734
000000126833
000000388398
000000529691
000000309371
000000359589
000000173908
000000365068
000000169690
000000384230
000000072155
000000450151
000000189550
000000092768
000000126192
000000073773
000000105303
000000073278
000000006005
000000533872
000000091336
000000493218
000000455859
000000227463
000000445766
000000068650
000000025244
000000191300
000000424819
000000280114
000000011788
000000576305
000000347422
000000460126
000000010534
000000075372
000000292622
000000106487
000000155644
000000038726
000000394904
000000430525
000000208494
000000442630
000000360818
000000230096
000000317592
000000170813
000000460053
000000015954
000000493219
000000454444
000000315037
000000285293
000000477042
000000010249
000000004286
000000377097
000000231616
000000419828
000000565693
000000104340
000000548174
000000577712
000000364075
000000075187
000000401403
000000535259
000000523230
000000574619
000000048791
000000389174
000000249524
000000353321
000000370401
000000348795
000000380140
000000450728
000000246066
000000339058
000000377361
000000401123
000000306553
000000167235
000000496383
000000071988
000000494782
000000551966
000000111054
000000278977
000000103855
000000118465
000000084460
000000211206
000000545363
000000376236
000000310524
000000266677
000000145727
000000443343
000000217710
000000554669
000000221521
000000204059
000000460059
000000487095
000000462345
000000163112
000000120767
000000330065
000000138095
000000503980
000000013721
000000398519
000000033647
000000504977
000000102858
000000296825
000000227736
000000212421
000000272048
000000464178
000000211119
000000243464
000000126766
000000538054
000000575355
000000518721
000000028820
000000075560
000000440045
000000509460
000000189197
000000391674
000000461278
000000236714
000000154607
000000038772
000000424744
000000150875
000000325152
000000029406
000000377406
000000034904
000000348483
000000120831
000000113128
000000480280
000000500559
000000056624
000000491508
000000361751
000000025660
000000474188
000000480752
000000183187
000000018888
000000106901
000000288075
000000150013
000000210976
000000399091
000000035767
000000086835
000000418933
000000187496
000000465092
000000164583
000000214109
000000313156
000000046144
000000571531
000000170007
000000282871
000000545293
000000575088
000000003786
000000042387
000000385781
000000285325
000000254123
000000404988
000000540782
000000356379
000000192529
000000194555
000000182401
000000549965
000000152192
000000256055
000000069236
000000260099
000000362090
000000249443
000000062500
000000403907
000000271943
000000163339
000000079490
000000039399
000000018485
000000486968
000000378672
000000407532
000000258529
000000182179
000000461007
000000195648
000000451915
000000390083
000000090501
000000391371
000000220819
000000342380
000000145284
000000365214
000000192192
000000388290
000000414249
000000286591
000000263163
000000371155
000000507313
000000136464
000000282176
000000375440
000000334311
000000475844
000000083557
000000364439
000000161962
000000002453
000000151005
000000147058
000000131965
000000423039
000000489920
000000380906
000000156466
000000291932
000000211175
000000352538
000000423172
000000397109
000000097479
000000005076
000000081897
000000215826
000000479176
000000576927
000000096991
000000165919
000000270381