000000558840
000000200365
000000154589
000000412764
000000079966
000000057936
000000191280
000000272153
000000092998
000000293611
000000107516
000000008922
000000011172
000000429807
000000069340
000000432125
000000348838
000000093604
000000559159
000000307564
000000443259
000000389624
000000124004
000000514018
000000520862
000000444199
000000183620
000000574769
000000307989
000000022816
000000079754
000000332861
000000460507
000000507958
000000004731
000000369594
000000367619
000000275197
000000131804
000000328530
000000175864
000000276488
000000105177
000000302077
000000368402
000000111032
000000298547
000000190115
000000130030
000000389974
000000311374
000000132644
000000334291
000000001153
000000321865
000000195179
000000282711
000000137967
000000523373
000000328757
000000381031
000000234277
000000505728
000000369259
000000207196
000000484080
000000450359
000000567636
000000273470
000000130732
000000180718
000000094052
000000360678
000000192458
000000344271
000000091263
000000447787
000000181179
000000267135
000000485731
000000554445
000000552563
000000295105
000000034212
000000262054
000000509807
000000051355
000000442609
000000465463
000000242422
000000325505
000000577377
000000487338
000000070744
000000464622
000000474499
000000534467
000000097036
000000502749
000000559312
000000147545
000000142386
000000441415
000000350623
000000374628
000000293802
000000523217
000000274262
000000370207
000000082462
000000191301
000000113082
000000012754
000000014773
000000106228
000000148282
000000291179
000000183676
000000014821
000000552824
000000416098
000000225494
000000298540
000000234533
000000521197
000000117222
000000414379
000000515056
000000568265
000000408449
000000241867
000000096351
000000243825
000000559730
000000122851
000000268539
000000184659
000000246782
000000521994
000000402514
000000203345
000000560879
000000020342
000000539124
000000430302
000000251901
000000138755
000000560890
000000461248
000000061602
000000448151
000000106470
000000333756
000000552510
000000094745
000000087328
000000224819
000000057072
000000377595
000000330954
000000098054
000000059547
000000294853
000000303626
000000268224
000000553129
000000106351
000000409855
000000527759
000000139004
000000255248
000000526364
000000553747
000000080652
000000490711
000000065358
000000301837
000000164121
000000121904
000000565296
000000045746
000000163755
000000342387
000000297414
000000227952
000000535889
000000544522
000000002139
000000062839
000000448243
000000016285
000000503765
000000559270
000000472598
000000394892
000000495252
000000325343
000000310391
000000068852
000000349344
000000158466
000000307511
000000408364
000000438560
000000231795
000000318543
000000296243
000000332461
000000517973
000000315501
000000017953
000000289260
000000391132
000000344488
000000232654
000000020788
000000393814
000000321064
000000152623
000000295303
000000195750
000000392991
000000119709
000000276127
000000249418
000000248919
000000505035
000000008718
000000143450
000000217133
000000194184
000000282346
000000455528
000000130225
000000203669
000000521495
000000216096
000000227265
000000005247
000000281315
000000151141
000000538319
000000080131
000000525227
000000357743
000000186368
000000206260
000000276151
000000449279
000000291537
000000458750
000000005476
000000422677
000000148128
000000508605
000000550273
000000142697
000000448759
000000369221
000000223157
000000092678
000000162454
000000307342
000000145831
000000171371
000000490381
000000499198
000000117584
000000216863
000000176519
000000046736
000000063565
000000469719
000000401411
000000319221
000000131539
000000581886
000000268943
000000478338
000000428263
000000571012
000000158421
000000250594
000000134981
000000486400
000000456574
000000495687
000000472078
000000170852
000000288528
000000191687
000000522418
000000434689
000000254930
000000169505
000000566321
000000152111
000000004554
000000067252
000000174145
000000276149
000000113590
000000494555
000000544583
000000262672
000000410272
000000298578
000000579696
000000050493
000000071986
000000477919
000000104715
000000026051
000000574672
000000536782
000000314880
000000054679
000000517793
000000215151
000000248965
000000319275
000000540556
000000065057
000000427118
000000315705
000000275015
000000149571
000000061233
000000370462
000000244151
000000103413
000000578813
000000118965
000000059171
000000352361
000000391834
000000229067
000000350099
000000534122
000000527060
000000468027
000000158922
000000064342
000000231644
000000000569
000000426754
000000165986
000000182279
000000488755
000000446053
000000000764
000000071602
000000107541
000000049236
000000373988
000000220511
000000425727
000000122317
000000539565
000000119964
000000197775
000000323951
000000021924
000000409581
000000292648
000000528176
000000511111
000000558642
000000147762
000000563730
000000314370
000000130555
000000011360
000000012326
000000484432
000000511572
000000438999
000000104865
000000250790
000000512912
000000412592
000000051476
000000381382
000000240798
000000467314
000000019028
000000083097
000000080367
000000193015
000000158333
000000137004
000000047648
000000025708
000000160421
000000356400
000000140963
000000003093
000000526030
000000530741
000000134815
000000494550
000000183905
000000150788
000000320098
000000108669
000000375415
000000188136
000000172686
000000566687
000000521605
000000415874
000000007241
000000318523
000000257053
000000408071
000000569103
000000172627
000000561783
000000134206
000000256983
000000163479
000000218811
000000307138
000000076138
000000383445
000000436467
000000189634
000000467742
000000284043
000000270096
000000178671
000000256180
000000003067
000000416960
000000183181
000000096711
000000576981
000000335065
000000398818
000000043344
000000069577
000000565941
000000267932
000000566364
000000035768
000000434410
000000102056
000000027611
000000353148
000000054039
000000241728
000000394535
000000556349
000000579277
000000293011
000000579602
000000418606
000000308974
000000188735
000000043331
000000412301
000000003983
000000551849
000000573686
000000511363
000000369249
000000400851
000000354088
000000077951
000000070192
000000086848
000000522566
000000032391
000000406070
000000255795
000000306989
000000175440
000000538163
000000363036
000000474437
000000510651
000000344758
000000581829
000000224138
000000313337
000000114184
000000233311
000000382625
000000169111
000000520232
000000449895
000000039726
000000247840
000000148785
000000469467
000000303520
000000098280
000000556545
000000292156
000000073278
000000091336
000000372113
000000377097
000000348795
000000554669
000000078701
000000096215
000000112437
000000272048
000000538054
000000518721
000000164464
000000181572
000000166060
000000186497
000000147872
000000329946
000000470370
000000500420
000000421307
000000452684
000000471842
000000196758
000000460266
000000463555
000000368291
000000211756
000000019358
000000183657
000000354165
000000123511
000000176271
000000004749
000000362189
000000465357
000000123580
000000461634
000000276631
000000173379
000000368196
000000185901
000000150685
000000195113
000000255950
000000229599
000000202913
000000272694
000000371683
000000579664
000000302997
000000361656
000000029833
000000435883
000000184773
000000165818
000000275754
000000263178
000000484651
000000324008
000000267182
000000286524
000000578203
000000543192
000000521352
000000427782
000000068059
000000128280
000000427521
000000363793
000000251344
000000126877
000000504297
000000385181
000000074331
000000571518
000000154633
000000031000
000000250804
000000012764
000000271359
000000498400
000000154095
000000098674
000000201756
000000282600
000000437206
000000029465
000000433787
000000015260
000000238292
000000019783
000000534983
000000514600
000000316161
000000208589
000000001561
000000266579
000000535563
000000339759
000000037705
000000502275
000000177323
000000535602
000000087377
000000254838
000000259475
000000380525
000000526962
000000215424
000000481313
000000512630
000000569272
000000194120
000000485494
000000109612
000000421028
000000501229
000000566644
000000042956
000000078026
000000190760
000000418563
000000167802
000000066413
000000366679
000000518974
000000127556
000000104494
000000462304
000000262758
000000139781
000000458052
000000363325
000000071673
000000383406
000000411832
000000039589
000000362289
000000279919
000000017179
000000316912
000000382797
000000327807
000000416337
000000182784
000000366931
000000368565
000000154670
000000023807
000000239260
000000189193
000000206620
000000201550
000000123119
000000020541
000000021161
000000092679
000000513765
000000063104
000000292697
000000073093
000000492840
000000564820
000000217016
000000301494
000000527553
000000523360
000000268394
000000196715
000000436722
000000279561
000000193480
000000001180
000000552289
000000066348
000000182314
000000415880
000000168260
000000184633
000000376603
000000214975
000000423065
000000059225
000000457538
000000499705
000000243896
000000363902
000000339245
000000150317
000000111434
000000468345
000000384995
000000508787
000000536654
000000415885
000000025990
000000339468
000000431432
000000054007
000000347823
000000434618
000000063521
000000165029
000000064146
000000244925
000000231945
000000351621
000000118852
000000324135
000000451573
000000338948
000000064409
000000258113
000000484604
000000053082
000000308120
000000265611
000000564418
000000029346
000000300994
000000420313
000000576412
000000075886
000000315864
000000109924
000000012464
000000038574
000000570077
000000288579
000000145815
000000226291
000000097580
000000415798
000000567142
000000323851
000000362331
000000514685
000000042225
000000495048
000000470699
000000410056
000000033377
000000241837
000000026908
000000043850
000000309843
000000293554
000000457943
000000321385
000000526425
000000337525
000000254609
000000366484
000000256577
000000317147
000000402778
000000141524
000000114891
000000461821
000000552829
000000025989
000000052637
000000323602
000000292266
000000392108
000000149446
000000537604
000000315248
000000347950
000000253988
000000396556
000000140444
000000354729
000000242297
000000428366
000000472582
000000349964
000000397842
000000218561
000000273083
000000088784
000000094922
000000516396
000000483074
000000045040
000000200681
000000045175
000000113271
000000547421
000000240137
000000579822
000000207509
000000275542
000000404297
000000261563
000000497014
000000202275
000000442761
000000355183
000000035672
000000281977
000000528251
000000402623
000000102598
000000117690
000000500316
000000059652
000000048731
000000045587
000000574208
000000288955
000000360128
000000219632
000000209028
000000216161
000000556817
000000256800
000000284772
000000214984
000000254074
000000200870
000000573935
000000473720
000000008350
000000350930
000000079407
000000449560
000000157099
000000168812
000000248206
000000099996
000000512118
000000144723
000000101567
000000224567
000000530765
000000289716
000000241340
000000069959
000000282768
000000262736
000000269344
000000303314
000000082709
000000070528
000000443363
000000493862
000000185550
000000459733
000000054655
000000477111
000000026671
000000521427
000000165752
000000500100
000000413704
000000254976
000000216417
000000280709
000000478977
000000455506
000000179069
000000345380
000000522427
000000037871
000000199641
000000261758
000000123867
000000379077
000000326081
000000143792
000000337551
000000149005
000000327845
000000429580
000000565341
000000482507
000000299688
000000005105
000000112342
000000457575
000000403315
000000498346
000000483587
000000388599
000000499397
000000010219
000000523418
000000415360
000000499837
000000190211
000000047724
000000413616
000000304147
000000209286
000000477598
000000496252
000000287331
000000555684
000000332844
000000296676
000000305142
000000320350
000000093853
000000123964
000000515668
000000372874
000000169361
000000420878
000000161505
000000324500
000000276693
000000553721
000000321810
000000437494
000000527375
000000199962
000000360610
000000565087
000000351528
000000460783
000000115912
000000464200
000000283874
000000444028
000000358086
000000124599
000000506942
000000047361
000000190018
000000040497
000000331790
000000183166
000000429759
000000001682
000000476552
000000362469
000000062347
000000145549
000000454610
000000278867
000000445211
000000232849
000000041247
000000413446
000000456825
000000363845
000000274216
000000385877
000000031106
000000391225
000000326217
000000017869
000000444804
000000355342
000000353658
000000469919
000000490337
000000306412
000000323155
000000360175
000000098927
000000526956
000000441432
000000040989
000000263251
000000302520
000000180357
000000408057
000000277174
000000152499
000000125873
000000333630
000000503278
000000205811
000000111683
000000091105
000000056400
000000371854
000000435260
000000151358
000000206809
000000182369
000000240903
000000224907
000000563541
000000434486
000000022874
000000492723
000000153822
000000493067
000000104221
000000498759
000000370503
000000108327
000000188873
000000240158
000000151781
000000392391
000000299734
000000414934
000000282062
000000414744
000000475359
000000153971
000000240495
000000513016
000000305993
000000349926
000000186899
000000419344
000000033055
000000237783
000000098721
000000278506
000000209544
000000015846
000000379734
000000108130
000000196458
000000019444
000000496980
000000382256
000000176362
000000558915
000000240033
000000185621
000000124796
000000191981
000000066485
000000115796
000000402499
000000233405
000000240102
000000041842
000000298362
000000523244
000000423529
000000465963
000000087811
000000422025
000000439188
000000240028
000000171443
000000207635
000000302290
000000061805
000000062060
000000117424
000000085795
000000236189
000000303556
000000434006
000000109503
000000559062
000000100081
000000040813
000000438432
000000238199
000000469200
000000443429
000000450055
000000501762
000000478430
000000543895
000000248224
000000348594
000000578227
000000332869
000000165419
000000474465
000000156416
000000426578
000000509262
000000244999
000000426631
000000297249
000000188318
000000306636
000000321804
000000064611
000000421833
000000103579
000000232544
000000290979
000000293891
000000070258
000000122300
000000487607
000000566975
000000022801
000000515785
000000159854
000000389480
000000536006
000000511895
000000057198
000000294776
000000012081
000000001987
000000518182
000000502433
000000011625
000000146785
000000565395
000000051040
000000566049
000000210457
000000136143
000000278290
000000076170
000000028540
000000563964
000000181267
000000026518
000000503600
000000558661
000000479866
000000329304
000000007072
000000046882
000000160607
000000578807
000000561938
000000527728
000000372855
000000203382
000000020972
000000121876
000000124684
000000372683
000000372844
000000421361
000000363343
000000301541
000000376456
000000417193
000000344410
000000067502
000000058157
000000022599
000000557556
000000331236
000000165157
000000058849
000000250113
000000214871
000000388486
000000472472
000000537710
000000490306
000000448236
000000303215
000000421437
000000224426
000000379841
000000249809
000000413684
000000210654
000000315524
000000523394
000000073453
000000116696
000000334511
000000134288
000000514525
000000334305
000000276413
000000033372
000000446958
000000218687
000000288729
000000563261
000000113945
000000260808
000000502557
000000433652
000000547866
000000018480
000000363640
000000289995
000000244822
000000571219
000000087194
000000156113
000000212384
000000161144
000000145312
000000265433
000000206417
000000251752
000000065430
000000195817
000000288399
000000546962
000000260738
000000047916
000000416059
000000104421
000000351287
000000178616
000000119120
000000198724
000000322796
000000563337
000000280858
000000208236
000000471483
000000010324
000000310262
000000098284
000000365139
000000251627
000000421072
000000415723
000000289618
000000546584
000000033900
000000171880
000000137057
000000414008
000000093360
000000144862
000000143825
000000307073
000000531803
000000113975
000000026371
000000167501
000000147259
000000223032
000000150558
000000126538
000000568238
000000002753
000000498657
000000403421
000000359569
000000408008
000000121443
000000256657
000000127313
000000404517
000000114504
000000330022
000000161220
000000044856
000000082835
000000320974
000000099807
000000540099
000000221776
000000307531
000000528488
000000548331
000000270785
000000508949
000000427986
000000494480
000000442565
000000489944
000000473994
000000255209
000000243212
000000418110
000000287846
000000174042
000000310669
000000532003
000000262119
000000409042
000000051339
000000464265
000000315338
000000400453
000000430265
000000287436
000000186730
000000182339
000000118966
000000227226
000000517399
000000431671
000000478407
000000487333
000000337275
000000547607
000000505650
000000122871
000000168617
000000013605
000000545920
000000138653
000000509766
000000367310
000000532919
000000027871
000000422328
000000464087
000000311690
000000172137
000000477903
000000461722
000000011742
000000029838
000000018442
000000090707
000000403951
000000551998
000000138086
000000199133
000000037671
000000339919
000000324338
000000078838
000000458721
000000148549
000000351577
000000565903
000000229132
000000153717
000000034915
000000145528
000000535721
000000391320
000000273442
000000307263
000000536708
000000417111
000000430469
000000091883
000000031796
000000360877
000000016521
000000510275
000000392506
000000558171
000000537456
000000038865
000000106150
000000138728
000000261182
000000014592
000000093258
000000165639
000000221669
000000383185
000000119061
000000057194
000000026907
000000080756
000000020410
000000187979
000000021563
000000230598
000000573796
000000099269
000000569319
000000089804
000000303922
000000420330
000000070657
000000361972
000000189452
000000099341
000000135785
000000287914
000000446917
000000553852
000000092648
000000095770
000000454762
000000283858
000000016961
000000273961
000000288599
000000075552
000000517612
000000418711
000000419856
000000370331
000000288576
000000405580
000000382715
000000423498
000000003817
000000283203
000000396972
000000554302
000000508087
000000550162
000000085029
000000246629
000000577403
000000539793
000000358903
000000074241
000000171932
000000136596
000000519853
000000378538
000000575719
000000156685
000000040515
000000427111
000000373577
000000437262
000000559773
000000417742
000000452618
000000145604
000000500657
000000275448
000000374270
000000199149
000000368602
000000540714
000000549508
000000306099
000000508288
000000134386
000000124243
000000093068
000000294958
000000320396
000000313315
000000456708
000000335585
000000486987
000000472295
000000479630
000000278203
000000198447
000000362005
000000459258
000000057353
000000405998
000000572825
000000563871
000000362563
000000262686
000000158722
000000350463
000000490044
000000534915
000000392511
000000540498
000000301971
000000337866
000000544607
000000333565
000000294297
000000079469
000000250893
000000431208
000000237814
000000556130
000000283264
000000361913
000000015032
000000345154
000000475182
000000008119
000000078061
000000520752
000000030992
000000232460
000000463013
000000399790
000000316189
000000277761
000000057827
000000424147
000000357916
000000247216
000000091052
000000459665
000000048554
000000257046
000000095106
000000474953
000000535668
000000169143
000000240147
000000297314
000000040886
000000390401
000000397352
000000276673
000000468169
000000279407
000000516733
000000520528
000000313647
000000416746
000000032712
000000369294
000000126434
000000043657
000000446920
000000567881
000000492605
000000093985
000000188445
000000041572
000000449921
000000485709
000000331844
000000004736
000000165638
000000000969
000000035049
000000199122
000000365701
000000120441
000000371309
000000055857
000000000488
000000205504
000000277945
000000416311
000000195715
000000121014
000000237487
000000376123
000000524979
000000414576
000000395291
000000055074
000000026512
000000452964
000000449102
000000307967
000000266847
000000181980
000000183973
000000032300
000000357529
000000277642
000000304083
000000005934
000000111874
000000538858
000000166696
000000170127
000000555271
000000121349
000000526257
000000223243
000000201970
000000325277
000000567304
000000560797
000000133042
000000209130
000000420357
000000202843
000000424933
000000264572
000000009395
000000428881
000000466840
000000007298
000000326243
000000432820
000000147980
000000273684
000000024553
000000131280
000000332096
000000269058
000000576652
000000154816
000000447558
000000305206
000000412419
000000311015
000000236432
000000046331
000000517938
000000379120
000000208955
000000063617
000000569526
000000054329
000000076956
000000565570
000000269721
000000012047
000000575901
000000264382
000000281829
000000246040
000000252220
000000542024
000000197492
000000192656
000000361763
000000072075
000000298600
000000478766
000000307683
000000570548
000000266370
000000575179
000000248912
000000118417
000000324845
000000138382
000000243849
000000159831
000000020906
000000431481
000000374111
000000388066
000000464682
000000447337
000000329433
000000440023
000000205435
000000340811
000000157980
000000039659
000000147736
000000425526
000000337563
000000170267
000000218886
000000127702
000000386204
000000427666
000000254745
000000067002
000000192660
000000051540
000000549635
000000139163
000000209930
000000426532
000000131815
000000544140
000000168801
000000331959
000000525118
000000251857
000000490952
000000187822
000000500116
000000152360
000000367710
000000076994
000000360181
000000448012
000000533106
000000528905
000000047181
000000364592
000000551957
000000066190
000000385438
000000374806
000000002890
000000455772
000000267127
000000336166
000000214197
000000073665
000000219622
000000467194
000000110597
000000004275
000000043305
000000138834
000000112769
000000091527
000000514483
000000285751
000000213785
000000025069
000000124873
000000396519
000000259665
000000342403
000000302498
000000151084
000000335041
000000200770
000000240259
000000013867
000000326063
000000330611
000000210832
000000468297
000000082052
000000527846
000000211215
000000519055
000000328668
000000431952
000000260525
000000554006
000000181278
000000040341
000000393809
000000199969
000000533976
000000568148
000000278829
000000560598
000000085764
000000368459
000000318777
000000129765
000000390052
000000564659
000000108425
000000351130
000000542933
000000570465
000000206356
000000230265
000000487469
000000233430
000000433279
000000421889
000000144938
000000221659
000000289640
000000558611
000000488375
000000091643
000000407783
000000146973
000000366677
000000060464
000000193673
000000494218
000000286176
000000563153
000000214919
000000421495
000000525903
000000041846
000000089638
000000256899
000000232050
000000334809
000000318618
000000264992
000000168032
000000516244
000000456908
000000215062
000000028582
000000105102
000000441430
000000552186
000000410004
000000341230
000000098658
000000480780
000000184295
000000344222
000000335810
000000416795
000000002759
000000405882
000000353935
000000431398
000000047807
000000359239
000000211498
000000294407
000000278988
000000211476
000000205222
000000346752
000000384486
000000219841
000000551908
000000165686
000000148830
000000084235
000000270609
000000543330
000000369379
000000095113
000000521655
000000054516
000000184929
000000434662
000000475439
000000077544
000000509695
000000198154
000000042091
000000406403
000000175506
000000099604
000000175653
000000194786
000000142360
000000182523
000000332067
000000286313
000000258399
000000342260
000000356827
000000320461
000000259037
000000526126
000000055594
000000306931
000000489125
000000252629
000000160341
000000085434
000000283187
000000021989
000000224366
000000199819
000000335924
000000515367
000000061494
000000476903
000000022403
000000105448
000000538414
000000560439
000000090432
000000106331
000000570781
000000286362
000000524047
000000572499
000000238537
000000217223
000000377111
000000089293
000000511117
000000206907
000000153205
000000148792
000000266491
000000399415
000000399991
000000210103
000000538344
000000161011
000000170048
000000381262
000000193605
000000199927
000000350721
000000545288
000000034372
000000526940
000000080145
000000215482
000000000474
000000351477
000000552188
000000112816
000000355137
000000161602
000000517889
000000156302
000000292590
000000493923
000000465862
000000073927
000000557812
000000295377
000000429290
000000577651
000000575194
000000120872
000000168231
000000468612
000000536428
000000187795
000000461435
000000204067
000000114579
000000255708
000000451511
000000481891
000000016491
000000533137
000000214961
000000008711
000000443169
000000113233
000000078093
000000141205
000000029444
000000114481
000000534801
000000234518
000000407274
000000314356
000000051258
000000227958
000000008853
000000194704
000000126634
000000132024
000000045729
000000029138
000000571029
000000343004
000000420234
000000238074
000000377802
000000124387
000000137085
000000445048
000000357478
000000570407
000000075032
000000270571
000000160195
000000506717
000000267684
000000110769
000000393674
000000444899
000000127990
000000179599
000000376549
000000317018
000000406676
000000526837
000000210990
000000100306
000000165012
000000432488
000000060132
000000124452
000000292485
000000354832
000000452917
000000126688
000000363387
000000214244
000000136501
000000116358
000000498627
000000158602
000000163260
000000573667
000000233305
000000299481
000000482574
000000414777
000000135155
000000143234
000000161124
000000273059
000000200717
000000425369
000000363831
000000240295
000000348251
000000290875
000000548939
000000185936
000000188417
000000056669
000000356708
000000415001
000000426542
000000515751
000000574108
000000343820
000000409303
000000470070
000000361819
000000404758
000000542717
000000562062
000000505826
000000095476
000000008495
000000559685
000000300655
000000302767
000000566634
000000535933
000000021979
000000166624
000000419989
000000239235
000000581496
000000157271
000000418143
000000009450
000000477924
000000536831
000000086001
000000097423
000000349822
000000554727
000000025005
000000374368
000000463884
000000410942
000000037846
000000015050
000000498733
000000358247
000000574666
000000301581
000000213457
000000173204
000000574178
000000411223
000000087479
000000550514
000000102478
000000512290
000000205332
000000173598
000000018111
000000472282
000000540006
000000217593
000000451532
000000452414
000000378667
000000581328
000000260036
000000371957
000000429415
000000419789
000000242945
000000050159
000000130240
000000259216
000000103460
000000273708
000000390130
000000404088
000000145408
000000290196
000000529166
000000137654
000000507663
000000120964
000000080517
000000004266
000000480509
000000569758
000000316617
000000026176
000000253838
000000100090
000000154861
000000465820
000000489798
000000051461
000000444913
000000064059
000000337453
000000579697
000000344005
000000255112
000000327255
000000322145
000000291209
000000290416
000000080337
000000040317
000000517822
000000503233
000000248582
000000572571
000000259755
000000552654
000000536933
000000119729
000000470095
000000192502
000000444502
000000451038
000000245182
000000566096
000000294011
000000116377
000000331529
000000196212
000000211163
000000178807
000000165353
000000457249
000000190097
000000109229
000000034180
000000456521
000000170401
000000472772
000000157370
000000370890
000000534018
000000417547
000000094033
000000277710
000000111526
000000566173
000000348263
000000282830
000000142665
000000373486
000000379882
000000518116
000000461334
000000039606
000000358664
000000153520
000000149470
000000149962
000000499845
000000381851
000000455004
000000479149
000000017018
000000110156
000000206859
000000185444
000000003694
000000098434
000000377706
000000437347
000000362103
000000399666
000000387375
000000140151
000000119939
000000341910
000000469061
000000221272
000000447124
000000134926
000000265950
000000037403
000000356293
000000162144
000000094002
000000040016
000000188752
000000549462
000000104406
000000435358
000000473299
000000553253
000000472509
000000442478
000000510585
000000472216
000000190041
000000514550
000000027569
000000177919
000000150533
000000409291
000000423740
000000014135
000000563912
000000434217
000000479683
000000081274
000000085688
000000486580
000000252393
000000027565
000000467843
000000113095
000000396542
000000064889
000000296994
000000191158
000000278636
000000439179
000000549518
000000546670
000000168340
000000373289
000000299200
000000513887
000000268435
000000146676
000000371241
000000358624
000000236874
000000337827
000000071095
000000189378
000000156242
000000305000
000000551338
000000510080
000000432146
000000365983
000000378347
000000088335
000000309940
000000139072
000000168334
000000576875
000000297972
000000574141
000000236865
000000431988
000000493192
000000201561
000000105974
000000308026
000000436323
000000134760
000000413852
000000070134
000000559037
000000376491
000000019176
000000025143
000000525106
000000553330
000000363522
000000558457
000000371129
000000555131
000000294537
000000243831
000000379552
000000458558
000000128830
000000132288
000000177758
000000563271
000000336602
000000430036
000000160126
000000116389
000000209898
000000448117
000000424422
000000289497
000000088433
000000350884
000000433554
000000436858
000000402662
000000538122
000000000831
000000511554
000000034438
000000116261
000000070769
000000450543
000000122766
000000522371
000000164848
000000427518
000000107661
000000248353
000000248956
000000439092
000000281072
000000488756
000000153013
000000328284
000000050782
000000548361
000000114352
000000289423
000000273190
000000490683
000000468545
000000209925
000000282618
000000392022
000000422622
000000348469
000000115243
000000570773
000000308630
000000178413
000000358596
000000402922
000000156935
000000422536
000000234347
000000519706
000000154139
000000543782
000000114414
000000242246
000000304008
000000374734
000000250368
000000358296
000000261777
000000540740
000000063549
000000477477
000000093156
000000296731
000000279634
000000112941
000000392665
000000399049
000000329932
000000009171
000000026448
000000332852
000000469961
000000539453
000000190950
000000031390
000000291696
000000044029
000000143215
000000575465
000000566234
000000180650
000000129982
000000271424
000000469235
000000361572
000000236272
000000109889
000000564355
000000192095
000000336049
000000317560
000000177207
000000446597
000000475035
000000292649
000000388654
000000052267
000000451856
000000044575
000000129852
000000499252
000000509471
000000390147
000000479808
000000024040
000000505636
000000549789
000000410632
000000135139
000000158279
000000306585
000000248242
000000104091
000000161586
000000130773
000000293207
000000567320
000000496360
000000010678
000000579081
000000078381
000000138975
000000297244
000000187302
000000464207
000000443065
000000085813
000000465422
000000394050
000000088507
000000086202
000000205911
000000409667
000000415153
000000474034
000000031202
000000316605
000000115823
000000491921
000000324595
000000233233
000000184121
000000156192
000000486172
000000422017
000000420579
000000539079
000000181013
000000207019
000000237357
000000551944
000000098717
000000499617
000000434219
000000238472
000000219487
000000358994
000000098322
000000177194
000000417857
000000142698
000000399369
000000284509
000000330986
000000010142
000000543045
000000417374
000000010442
000000277383
000000512320
000000169648
000000227742
000000060125
000000121897
000000152211
000000539636
000000515792
000000540207
000000438539
000000529806
000000339336
000000509459
000000191078
000000458103
000000505788
000000038155
000000174633
000000111944
000000300972
000000207178
000000302067
000000099592
000000282847
000000084767
000000142500
000000141256
000000546685
000000481670
000000207763
000000375461
000000201141
000000543620
000000442567
000000538320
000000253757
000000306061
000000318570
000000415179
000000137622
000000025293
000000179950
000000397729
000000033645
000000134618
000000517061
000000311309
000000111907
000000016817
000000295589
000000421139
000000490714
000000094422
000000555197
000000332282
000000362348
000000329008
000000246843
000000176563
000000400290
000000257537
000000534127
000000192181
000000577073
000000184207
000000412966
000000153486
000000415334
000000362368
000000102532
000000365557
000000174603
000000531020
000000455746
000000120347
000000264282
000000273230
000000477534
000000415648
000000289323
000000015559
000000340899
000000460461
000000576886
000000499255
000000279176
000000472860
000000299631
000000538115
000000122161
000000202981
000000014874
000000049740
000000145824
000000270852
000000097865
000000193349
000000229765
000000081303
000000569452
000000340508
000000097646
000000505934
000000157093
000000483368
000000156375
000000455741
000000320864
000000481415
000000360716
000000126895
000000087889
000000151441
000000325736
000000363981
000000104453
000000140007
000000526778
000000179374
000000175908
000000502582
000000537999
000000154154
000000228135
000000261096
000000536120
000000312783
000000516813
000000169547
000000091110
000000568630
000000229531
000000217078
000000544456
000000535179
000000310882
000000481064
000000498535
000000082259
000000142108
000000029431
000000099707
000000254535
000000199553
000000169802
000000021905
000000228580
000000421042
000000400062
000000165174
000000303814
000000145734
000000368671
000000350132
000000292493
000000293125
000000447779
000000041449
000000227772
000000134460
000000270815
000000058778
000000181026
000000364284
000000442040
000000107068
000000103227
000000317015
000000286018
000000385918
000000177978
000000198530
000000340843
000000494855
000000169436
000000121788
000000405191
000000494456
000000061953
000000318754
000000444183
000000162855
000000078060
000000180984
000000138713
000000098590
000000520982
000000210439
000000550576
000000352478
000000434142
000000521817
000000021470
000000157192
000000179584
000000358019
000000249836
000000574804
000000305632
000000392967
000000532812
000000205729
000000376246
000000506449
000000440970
000000007913
000000045644
000000163543
000000261363
000000211743
000000361623
000000295092
000000204100
000000346821
000000526028
000000121839
000000462376
000000141158
000000129502
000000074017
000000501311
000000043625
000000545583
000000103490
000000514518
000000528331
000000030719
000000209989
000000506201
000000051605
000000361245
000000222648
000000468302
000000175356
000000088120
000000357335
000000335148
000000526371
000000305195
000000296848
000000440554
000000423001
000000336360
000000468548
000000287570
000000285645
000000241317
000000359232
000000433998
000000002179
000000189267
000000307786
000000324435
000000025158
000000016879
000000502998
000000520209
000000341389
000000068525
000000138644
000000185240
000000304696
000000495376
000000342521
000000527995
000000356500
000000190995
000000456725
000000509158
000000072376
000000067953
000000287402
000000403349
000000014167
000000540196
000000554928
000000246532
000000299001
000000171622
000000022085
000000229304
000000425100
000000297970
000000024776
000000389273
000000230585
000000460623
000000562101
000000561336
000000374062
000000138054
000000505400
000000041638
000000452816
000000000999
000000111629
000000385598
000000431272
000000263355
000000081004
000000233223
000000231028
000000391222
000000251317
000000422640
000000256569
000000061531
000000389738
000000254828
000000494608
000000304924
000000127510
000000084825
000000357782
000000248701
000000037038
000000146190
000000279209
000000430670
000000132132
000000301756
000000050434
000000492323
000000097946
000000330055
000000069544
000000045392
000000020178
000000353067
000000409117
000000028456
000000524638
000000235130
000000025812
000000425964
000000397475
000000230240
000000314704
000000558784
000000020459
000000320370
000000021613
000000058006
000000149272
000000372258
000000031151
000000505344
000000286606
000000200234
000000285583
000000564636
000000552849
000000105220
000000523780
000000267709
000000343769
000000137577
000000236607
000000501538
000000089071
000000433676
000000137501
000000367489
000000192944
000000239445
000000074832
000000042190
000000312772
000000425790
000000283186
000000088360
000000005728
000000295124
000000273321
000000564166
000000556246
000000043753
000000413124
000000045920
000000563194
000000395182
000000202799
000000028676
000000356937
000000138078
000000209162
000000419867
000000579231
000000450570
000000292170
000000561810
000000577373
000000092765
000000540807
000000247057
000000288403
000000303320
000000026507
000000144273
000000420229
000000402685
000000085007
000000521440
000000318573
000000195974
000000431136
000000575897
000000072770
000000225945
000000120475
000000343703
000000563849
000000129548
000000203641
000000537297
000000290113
000000478212
000000562241
000000499724
000000079070
000000146240
000000498439
000000462241
000000179578
000000378134
000000448694
000000500844
000000288316
000000488697
000000530998
000000542537
000000143554
000000042979
000000183991
000000034892
000000502163
000000404607
000000142940
000000042288
000000280008
000000033939
000000134459
000000496768
000000401028
000000554273
000000019446
000000276408
000000077954
000000114291
000000063399
000000222781
000000315620
000000118106
000000085192
000000529670
000000409221
000000278352
000000300903
000000032400
000000172690
000000025984
000000470117
000000576045
000000220367
000000562261
000000482910
000000451835
000000313398
000000207046
000000539555
000000357356
000000015029
000000000589
000000322503
000000420669
000000564936
000000457436
000000276840
000000323423
000000335325
000000245313
000000561437
000000222711
000000399822
000000048133
000000166424
000000261292
000000068973
000000257136
000000286036
000000076973
000000256035
000000559948
000000553141
000000441929
000000245227
000000484722
000000093806
000000263223
000000024755
000000232173
000000050177
000000095051
000000310843
000000538741
000000110231
000000505156
000000062566
000000292988
000000472316
000000189766
000000381416
000000163127
000000033958
000000019292
000000094427
000000548090
000000058754
000000294307
000000110052
000000421908
000000094405
000000221864
000000200168
000000484303
000000199989
000000338678
000000096625
000000090787
000000145422
000000014547
000000289474
000000052166
000000253474
000000319423
000000048653
000000310998
000000103603
000000240811
000000050482
000000402410
000000214604
000000472424
000000337160
000000066524
000000070480
000000412916
000000401857
000000084735
000000541744
000000382350
000000242779
000000255274
000000227879
000000247378
000000342762
000000324497
000000344878
000000214692
000000541391
000000142249
000000092894
000000429836
000000115006
000000579925
000000454562
000000436582
000000334034
000000154071
000000440027
000000057086
000000386821
000000289194
000000124327
000000213132
000000486491
000000140068
000000399178
000000332930
000000280976
000000250258
000000310008
000000457334
000000018688
000000425462
000000337233
000000392365
000000389490
000000301155
000000010644
000000010012
000000402971
000000297676
000000168248
000000472671
000000181677
000000357498
000000581569
000000310858
000000184402
000000478723
000000580972
000000053774
000000307523
000000127914
000000016497
000000569437
000000552065
000000467821
000000430096
000000041574
000000422686
000000216910
000000182775
000000054513
000000503978
000000294605
000000360209
000000379767
000000196878
000000274835
000000472034
000000454731
000000101715
000000041507
000000443597
000000025521
000000396608
000000560841
000000235564
000000080395
000000472828
000000569926
000000296208
000000558864
000000130875
000000211243
000000496801
000000003703
000000225129
000000339356
000000076529
000000221911
000000124135
000000359432
000000310177
000000232865
000000042215
000000135579
000000472228
000000526319
000000465552
000000550643
000000515126
000000509855
000000562897
000000027353
000000402712
000000190585
000000166805
000000122020
000000573196
000000027609
000000161807
000000390134
000000127192
000000508748
000000409217
000000095620
000000503137
000000280810
000000112818
000000119414
000000411871
000000158635
000000146503
000000069906
000000068300
000000292769
000000530630
000000472246
000000228749
000000080357
000000410641
000000503595
000000235575
000000297300
000000504932
000000326344
000000558809
000000452846
000000043375
000000107831
000000149251
000000149284
000000022775
000000377611
000000377371
000000088349
000000275175
000000167131
000000392850
000000145436
000000448308
000000359945
000000013145
000000406616
000000400139
000000579201
000000329014
000000543322
000000237277
000000571279
000000484069
000000311385
000000144200
000000327918
000000202944
000000421703
000000135256
000000096327
000000178748
000000506357
000000311553
000000338903
000000333156
000000577853
000000460675
000000231052
000000013991
000000452297
000000092107
000000455395
000000328536
000000347568
000000505240
000000479129
000000546854
000000352533
000000038190
000000212533
000000054092
000000248341
000000489605
000000029994
000000180202
000000493814
000000475413
000000272615
000000134016
000000368096
000000118065
000000284681
000000552503
000000528875
000000378712
000000353558
000000512206
000000267349
000000130948
000000370170
000000355881
000000493683
000000367007
000000473215
000000040881
000000266176
000000135460
000000084244
000000528084
000000543762
000000361153
000000558640
000000198367
000000054520
000000118607
000000242362
000000028864
000000467457
000000125106
000000335976
000000444515
000000379716
000000116182
000000202178
000000144534
000000177575
000000489029
000000461172
000000370399
000000493941
000000239005
000000387906
000000504005
000000004936
000000572051
000000266932
000000298691
000000455225
000000134413
000000381195
000000558911
000000003742
000000044749
000000091766
000000498368
000000257137
000000256575
000000180800
000000321543
000000375840
000000022090
000000321079
000000413295
000000072275
000000113367
000000438737
000000308849
000000140797
000000414736
000000375198
000000143111
000000000715
000000497855
000000494077
000000407717
000000471235
000000311567
000000460732
000000045387
000000423048
000000167583
000000139734
000000060126
000000340529
000000297220
000000261207
000000253810
000000187132
000000309753
000000165884
000000333845
000000344875
000000331339
000000468777
000000384512
000000113113
000000100343
000000458567
000000121987
000000056714
000000455345
000000251508
000000507533
000000074963
000000388157
000000388082
000000114549
000000310202
000000246199
000000234614
000000575916
000000120783
000000539777
000000374087
000000495975
000000497661
000000563920
000000177246
000000079992
000000466736
000000515158
000000558362
000000489909
000000578385
000000428375
000000379404
000000215901
000000254143
000000576614
000000223832
000000209441
000000507318
000000226459
000000165164
000000360329
000000417410
000000041438
000000504541
000000169858
000000058117
000000240273
000000289309
000000212462
000000325410
000000229274
000000042641
000000141518
000000036477
000000470931
000000291528
000000315974
000000360318
000000089541
000000238989
000000184181
000000534035
000000025316
000000325586
000000320972
000000199319
000000160889
000000149196
000000321973
000000127623
000000523883
000000347675
000000535013
000000549261
000000466787
000000295553
000000224289
000000235244
000000068380
000000372038
000000403345
000000324308
000000310094
000000248678
000000403096
000000512339
000000160886
000000474479
000000506187
000000319452
000000046650
000000051429
000000066179
000000090724
000000351057
000000337247
000000265472
000000044993
000000461758
000000513342
000000353130
000000016161
000000084889
000000035368
000000236542
000000339266
000000494800
000000240279
000000577451
000000064136
000000364343
000000424174
000000294451
000000543696
000000203636
000000135578
000000194140
000000088560
000000147546
000000322175
000000379055
000000386092
000000344521
000000285646
000000156772
000000548957
000000146917
000000533329
000000495090
000000108243
000000104568
000000094563
000000214367
000000134542
000000303937
000000335992
000000360706
000000056137
000000202507
000000381204
000000321089
000000078283
000000399744
000000116845
000000163608
000000081998
000000154155
000000427464
000000311041
000000488743
000000531143
000000577868
000000166557
000000183287
000000177449
000000274804
000000019167
000000121745
000000166320
000000338878
000000050578
000000284253
000000126914
000000462639
000000021397
000000168686
000000298809
000000346841
000000036460
000000379922
000000009077
000000383341
000000350648
000000410493
000000493761
000000553808
000000448854
000000463724
000000441323
000000354333
000000138832
000000209431
000000037958
000000218608
000000069535
000000338472
000000475195
000000186709
000000536375
000000223384
000000071682
000000577847
000000133161
000000533261
000000113049
000000260510
000000551896
000000352901
000000574796
000000444694
000000180232
000000352377
000000321062
000000199669
000000206068
000000138227
000000557357
000000374218
000000140664
000000243091
000000084442
000000021614
000000099647
000000027326
000000556183
000000099736
000000446354
000000391588
000000467956
000000318124
000000538844
000000480407
000000096440
000000013428
000000163775
000000038083
000000500878
000000163296
000000457394
000000390086
000000350619
000000134231
000000352214
000000262654
000000181799
000000390215
000000577321
000000133622
000000483545
000000354019
000000557059
000000576774
000000153103
000000083161
000000571437
000000022842
000000295668
000000313176
000000208663
000000371841
000000124232
000000416641
000000197597
000000365168
000000471226
000000425848
000000063671
000000457717
000000321395
000000378098
000000456377
000000522703
000000567390
000000016848
000000362138
000000098115
000000423984
000000505911
000000207205
000000539566
000000273045
000000347819
000000455381
000000083494
000000224012
000000188534
000000536894
000000571497
000000387824
000000264540
000000180580
000000431370
000000015850
000000354515
000000097513
000000456236
000000205861
000000060970
000000159716
000000451391
000000353275
000000143859
000000029504
000000501062
000000483330
000000479011
000000492016
000000363559
000000385174
000000398563
000000402717
000000226170
000000421762
000000262608
000000359592
000000581749
000000444869
000000138057
000000081299
000000519446
000000512729
000000507536
000000132702
000000468736
000000164710
000000555920
000000382210
000000551052
000000487421
000000397773
000000155793
000000027009
000000176211
000000302275
000000086877
000000566697
000000354606
000000538888
000000532548
000000447233
000000324390
000000031247
000000444626
000000067075
000000453178
000000202886
000000256660
000000410633
000000561681
000000059614
000000448492
000000271461
000000144633
000000293810
000000388130
000000360660
000000019981
000000280687
000000500298
000000037629
000000323925
000000483389
000000085914
000000067065
000000523560
000000234238
000000222696
000000242368
000000189446
000000356662
000000345497
000000534019
000000335733
000000447378
000000398339
000000478981
000000338050
000000316675
000000364187
000000169736
000000385036
000000104906
000000038294
000000580835
000000393794
000000200627
000000371506
000000427189
000000064779
000000270554
000000283928
000000426777
000000196210
000000242619
000000023309
000000531703
000000038710
000000174239
000000569722
000000471814
000000239808
000000442106
000000205716
000000134811
000000011042
000000575915
000000110630
000000036508
000000177102
000000156687
000000193387
000000335844
000000434043
000000097974
000000281924
000000114335
000000480551
000000378860
000000492371
000000094590
000000162827
000000458058
000000390954
000000401718
000000446428
000000256365
000000222266
000000164788
000000215808
000000318044
000000363767
000000511546
000000484457
000000493386
000000555900
000000453026
000000038252
000000102641
000000192932
000000053958
000000314396
000000210081
000000134703
000000040635
000000456184
000000529592
000000328283
000000292618
000000308115
000000408049
000000438989
000000417355
000000490405
000000330091
000000088854
000000165476
000000434788
000000067422
000000120632
000000365220
000000329139
000000475301
000000265789
000000015469
000000559483
000000205473
000000460390
000000127535
000000336355
000000216576
000000103491
000000574692
000000464906
000000094666
000000580591
000000166586
000000016064
000000501172
000000146397
000000338375
000000048692
000000174386
000000138220
000000405529
000000478550
000000400401
000000226744
000000175612
000000298316
000000406426
000000035210
000000423309
000000117337
000000034121
000000287443
000000187384
000000485724
000000152795
000000380343
000000293259
000000371326
000000349402
000000394801
000000521964
000000444496
000000329533
000000313789
000000310999
000000362971
000000365073
000000397693
000000050239
000000497006
000000380951
000000419350
000000246966
000000136141
000000124157
000000010432
000000045962
000000370388
000000346932
000000495443
000000257328
000000460559
000000383762
000000206618
000000473427
000000557360
000000160260
000000363574
000000316240
000000416326
000000559400
000000037638
000000136271
000000167003
000000510898
000000255076
000000417144
000000381109
000000425762
000000526486
000000440709
000000449073
000000157270
000000367689
000000095427
000000307480
000000383726
000000427802
000000469294
000000257529
000000262113
000000476008
000000008473
000000048273
000000247599
000000453509
000000456931
000000048719
000000121016
000000374934
000000433044
000000050924
000000072020
000000020349
000000559838
000000364973
000000484573
000000403389
000000247764
000000556726
000000100021
000000242855
000000380459
000000106736
000000486026
000000298151
000000345618
000000468934
000000537438
000000044559
000000559136
000000442205
000000209480
000000430160
000000473124
000000089603
000000029906
000000184951
000000066445
000000131527
000000171016
000000310725
000000415823
000000442791
000000034567
000000381318
000000157883
000000292995
000000043494
000000185614
000000467528
000000376990
000000541635
000000055429
000000135266
000000073417
000000383419
000000394079
000000080690
000000378655
000000380300
000000085045
000000487418
000000538661
000000388974
000000297074
000000120398
000000262642
000000336320
000000180366
000000210777
000000118246
000000047435
000000176408
000000562328
000000232432
000000094795
000000303543
000000438915
000000332025
000000158806
000000557780
000000318888
000000256787
000000493020
000000384416
000000442214
000000353644
000000391940
000000449327
000000028842
000000478157
000000099481
000000260172
000000112269
000000281809
000000290698
000000571038
000000004498
000000431464
000000560108
000000376891
000000136785
000000235486
000000179960
000000331475
000000342849
000000423892
000000409708
000000194440
000000154884
000000038693
000000350457
000000299039
000000461715
000000153231
000000125909
000000196074
000000297260
000000032001
000000553443
000000443772
000000332292
000000021327
000000498765
000000236671
000000308964
000000310059
000000271620
000000443688
000000365133
000000180869
000000052435
000000389404
000000518968
000000192091
000000460757
000000563723
000000105120
000000235790
000000244060
000000499594
000000412136
000000051594
000000517515
000000036230
000000106244
000000270672
000000218736
000000217188
000000296492
000000025529
000000204051
000000471785
000000182785
000000537211
000000121748
000000506441
000000208132
000000247333
000000004011
000000374702
000000356337
000000113571
000000204311
000000028719
000000007961
000000528720
000000479613
000000562856
000000556462
000000421360
000000251531
000000047285
000000340069
000000036614
000000275120
000000516856
000000089549
000000065427
000000221067
000000493728
000000412767
000000067785
000000479633
000000324638
000000217522
000000161605
000000547759
000000459967
000000087890
000000422516
000000564281
000000507951
000000542374
000000510642
000000211326
000000016382
000000198492
000000224557
000000564612
000000182213
000000297233
000000196506
000000434513
000000462635
000000044627
000000009270
000000420610
000000180764
000000313928
000000340218
000000301305
000000209548
000000054517
000000479848
000000342958
000000079634
000000341818
000000198120
000000429985
000000077980
000000505133
000000211527
000000463771
000000021639
000000238498
000000517861
000000341132
000000300472
000000077415
000000003091
000000546832
000000189241
000000005961
000000544538
000000451275
000000217329
000000089273
000000575020
000000214391
000000572811
000000281163
000000146936
000000209856
000000392020
000000487349
000000216677
000000371652
000000246589
000000551987
000000259087
000000113473
000000448923
000000403038
000000445128
000000376564
000000503799
000000155465
000000147154
000000278172
000000405674
000000344025
000000350270
000000429261
000000174740
000000547875
000000136624
000000144486
000000098350
000000522443
000000531798
000000043944
000000216726
000000508538
000000310572
000000402077
000000421566
000000531875
000000219315
000000410380
000000552973
000000298138
000000168175
000000040404
000000524627
000000077784
000000325328
000000478155
000000321496
000000395831
000000322719
000000121442
000000184499
000000449089