000000558840
000000200365
000000016164
000000514915
000000154589
000000013882
000000173350
000000158497
000000283119
000000151988
000000427639
000000057936
000000560830
000000373193
000000535483
000000307993
000000145544
000000020671
000000209468
000000210012
000000386968
000000374990
000000558671
000000407286
000000245462
000000562645
000000346560
000000544122
000000206784
000000221869
000000552454
000000103757
000000144941
000000022621
000000078260
000000128201
000000051191
000000092998
000000093959
000000077102
000000087567
000000213765
000000293611
000000007276
000000205533
000000107516
000000088031
000000032907
000000378482
000000353817
000000200116
000000331268
000000104326
000000008922
000000413435
000000530384
000000364783
000000321522
000000499281
000000069969
000000199634
000000567787
000000086696
000000170365
000000283190
000000523978
000000315740
000000302038
000000124654
000000243600
000000476925
000000515904
000000011172
000000016896
000000511430
000000429807
000000358103
000000080733
000000254644
000000512982
000000042492
000000045099
000000102625
000000439837
000000461256
000000381615
000000242611
000000069340
000000432125
000000348838
000000081943
000000470256
000000392915
000000402233
000000393054
000000199575
000000187647
000000559159
000000307564
000000258985
000000207072
000000576576
000000370138
000000005965
000000443259
000000275270
000000389624
000000145199
000000353982
000000124004
000000238355
000000514018
000000106193
000000300324
000000275781
000000403107
000000203085
000000520862
000000225913
000000106172
000000453065
000000106392
000000444390
000000448928
000000388534
000000480015
000000561403
000000234470
000000264032
000000093140
000000292741
000000118544
000000554625
000000328462
000000000939
000000103134
000000479950
000000494629
000000567254
000000277390
000000410627
000000554500
000000523526
000000241350
000000290750
000000280498
000000072018
000000275668
000000068814
000000085160
000000373713
000000089359
000000022208
000000484751
000000192403
000000015918
000000093894
000000319706
000000480591
000000316842
000000113588
000000202273
000000469793
000000197915
000000152886
000000064909
000000371958
000000120977
000000433373
000000304447
000000114239
000000292365
000000269511
000000489344
000000218924
000000401614
000000226360
000000300732
000000137412
000000350075
000000290868
000000168543
000000546378
000000248381
000000254045
000000459598
000000009170
000000526721
000000040414
000000146767
000000494345
000000574241
000000572075
000000227730
000000028903
000000279463
000000510150
000000411685
000000574769
000000229740
000000250951
000000465591
000000130921
000000479440
000000076588
000000178299
000000455365
000000506151
000000264976
000000241876
000000243456
000000063950
000000322353
000000149184
000000040842
000000029587
000000198563
000000216664
000000030356
000000098302
000000184557
000000486501
000000288639
000000381323
000000041271
000000303099
000000581402
000000426101
000000092173
000000214184
000000543686
000000307989
000000570528
000000230220
000000301014
000000258523
000000557239
000000379869
000000333140
000000295051
000000553698
000000216428
000000437556
000000117891
000000285421
000000316008
000000332159
000000194313
000000002295
000000463066
000000333406
000000251639
000000275219
000000041322
000000230615
000000186822
000000017741
000000264805
000000538934
000000241844
000000258266
000000320703
000000040986
000000541493
000000235699
000000079754
000000490927
000000287151
000000173340
000000467705
000000344498
000000400123
000000047559
000000473055
000000441473
000000092257
000000283816
000000332861
000000380247
000000236023
000000463610
000000107922
000000460507
000000028022
000000047873
000000507958
000000214463
000000214274
000000120566
000000079465
000000031442
000000004731
000000399851
000000146961
000000214046
000000145523
000000380348
000000369594
000000367619
000000235839
000000118450
000000275197
000000488349
000000022656
000000433504
000000557677
000000328530
000000415218
000000311902
000000577946
000000158292
000000550552
000000548523
000000089391
000000137475
000000520124
000000276488
000000064155
000000550864
000000389168
000000436273
000000264628
000000561563
000000204448
000000514604
000000027146
000000222500
000000105177
000000508481
000000302077
000000525420
000000533548
000000006672
000000096183
000000272863
000000176120
000000368402
000000062510
000000337264
000000422785
000000297787
000000176330
000000047775
000000564283
000000111032
000000436130
000000571635
000000058232
000000516805
000000350230
000000151670
000000014629
000000460208
000000214007
000000367128
000000298547
000000504248
000000064474
000000418070
000000190115
000000050981
000000521906
000000242365
000000156320
000000374430
000000526186
000000130030
000000389974
000000054133
000000352093
000000464831
000000251343
000000449296
000000073861
000000311374
000000010149
000000167529
000000132644
000000047603
000000334291
000000162113
000000158982
000000521542
000000037367
000000048910
000000001153
000000309022
000000373793
000000326564
000000321865
000000293148
000000110560
000000111076
000000570659
000000483553
000000538092
000000215255
000000342142
000000203661
000000395463
000000195179
000000577654
000000028209
000000282711
000000327047
000000137967
000000136720
000000581501
000000341397
000000095569
000000220607
000000415841
000000367142
000000112915
000000017409
000000386424
000000241888
000000166142
000000027285
000000478077
000000246613
000000359563
000000012570
000000332908
000000025860
000000328757
000000422350
000000097240
000000385001
000000035525
000000016523
000000333683
000000369485
000000381031
000000183393
000000195042
000000314016
000000009236
000000143370
000000246327
000000167724
000000362306
000000308506
000000029449
000000261175
000000195271
000000533003
000000234277
000000475043
000000505728
000000085268
000000352422
000000553280
000000568717
000000079446
000000552610
000000231450
000000171413
000000327892
000000369259
000000207196
000000077486
000000154324
000000098895
000000394517
000000220741
000000484080
000000240111
000000405146
000000437910
000000165750
000000449466
000000231732
000000034474
000000580543
000000130909
000000439907
000000450359
000000105757
000000562139
000000570138
000000233112
000000059383
000000104112
000000107123
000000567636
000000552074
000000007214
000000347740
000000273470
000000130732
000000191691
000000065258
000000180718
000000066827
000000542934
000000094052
000000468885
000000410350
000000308730
000000544432
000000000164
000000167477
000000119617
000000400596
000000312632
000000073009
000000545114
000000541897
000000279149
000000192554
000000049984
000000089099
000000340511
000000221753
000000192458
000000288161
000000106120
000000426133
000000091263
000000398554
000000008045
000000365822
000000146276
000000034137
000000556025
000000046503
000000454203
000000454810
000000114790
000000124707
000000367074
000000129001
000000181179
000000213429
000000569450
000000536972
000000114401
000000528411
000000118113
000000267135
000000192440
000000221681
000000485731
000000554445
000000552563
000000174887
000000328797
000000107084
000000295105
000000034212
000000285007
000000521587
000000262054
000000341011
000000533978
000000509807
000000159377
000000186165
000000051355
000000055375
000000190705
000000184205
000000567220
000000185935
000000442609
000000332607
000000543090
000000429366
000000548485
000000428305
000000416184
000000161720
000000355106
000000162249
000000532610
000000459921
000000531086
000000411564
000000325239
000000465463
000000157862
000000483179
000000494269
000000069750
000000053697
000000472621
000000193271
000000016590
000000488822
000000069293
000000285882
000000242422
000000381608
000000412151
000000255665
000000522779
000000428041
000000384213
000000450125
000000010290
000000325505
000000287320
000000014352
000000497002
000000137830
000000125059
000000577377
000000114303
000000241645
000000380854
000000096107
000000542145
000000414156
000000487338
000000567789
000000027517
000000070744
000000085803
000000464622
000000474499
000000504827
000000404257
000000279491
000000534467
000000345960
000000253171
000000312020
000000135071
000000127337
000000184994
000000372191
000000296859
000000556633
000000086135
000000502749
000000541813
000000375180
000000539423
000000335539
000000479008
000000147545
000000117899
000000142386
000000441415
000000014635
000000467887
000000350623
000000146112
000000374628
000000263687
000000045195
000000308507
000000304409
000000034445
000000279948
000000274262
000000211690
000000339761
000000363830
000000557339
000000370207
000000205570
000000191301
000000254589
000000253216
000000113082
000000012754
000000014773
000000106228
000000561514
000000535808
000000453481
000000390137
000000203564
000000347982
000000337120
000000062109
000000139291
000000108838
000000552824
000000087493
000000152543
000000139969
000000219589
000000239130
000000520427
000000188146
000000014297
000000199158
000000299288
000000108679
000000456323
000000135671
000000028714
000000128119
000000095474
000000158708
000000408143
000000049371
000000416733
000000448983
000000195267
000000168890
000000250540
000000497504
000000349101
000000067078
000000331785
000000362240
000000080185
000000423173
000000399545
000000004764
000000101172
000000566824
000000566576
000000402514
000000327514
000000392320
000000398992
000000048419
000000168775
000000208871
000000395621
000000289714
000000148243
000000525667
000000117093
000000138755
000000277865
000000318910
000000569251
000000398304
000000462341
000000447613
000000127050
000000242510
000000560890
000000293228
000000192154
000000527102
000000559440
000000368349
000000304389
000000061882
000000010428
000000257685
000000449950
000000510707
000000251075
000000573993
000000217387
000000535403
000000109434
000000173968
000000298197
000000033871
000000024391
000000232073
000000163289
000000363181
000000087328
000000057072
000000377595
000000330954
000000384111
000000331883
000000070813
000000562090
000000032779
000000406555
000000336001
000000391253
000000283768
000000293334
000000287190
000000098054
000000459934
000000436392
000000442417
000000243773
000000235864
000000372220
000000059547
000000010825
000000495377
000000278582
000000428754
000000225850
000000208517
000000103114
000000294853
000000482187
000000007256
000000257996
000000203539
000000303626
000000560025
000000483374
000000304964
000000491223
000000535750
000000199404
000000480472
000000575921
000000172315
000000463203
000000268224
000000340034
000000531069
000000272738
000000553129
000000493509
000000190829
000000506906
000000358252
000000482562
000000106351
000000008594
000000409855
000000272253
000000454907
000000146078
000000393984
000000527759
000000306108
000000280857
000000139004
000000493843
000000137118
000000217989
000000255248
000000104392
000000420490
000000138806
000000345389
000000103806
000000080652
000000038963
000000223094
000000118378
000000287335
000000432150
000000065358
000000050609
000000519649
000000291742
000000028239
000000301837
000000048708
000000580388
000000329931
000000164121
000000476335
000000121904
000000032932
000000543525
000000181446
000000135356
000000345245
000000533166
000000264347
000000347558
000000131661
000000147042
000000353317
000000004296
000000048905
000000045746
000000010114
000000218205
000000044294
000000008292
000000055544
000000581177
000000125707
000000050753
000000069914
000000087052
000000399879
000000000486
000000385103
000000473153
000000465877
000000045434
000000398661
000000207675
000000009274
000000163755
000000509185
000000010192
000000515565
000000117725
000000159537
000000334050
000000237759
000000266348
000000521549
000000348087
000000178331
000000010039
000000510299
000000162495
000000342387
000000104393
000000366330
000000215408
000000430287
000000449038
000000498804
000000098493
000000347113
000000297414
000000358302
000000579226
000000521877
000000418757
000000335827
000000312951
000000133195
000000330720
000000305472
000000112517
000000513497
000000272080
000000011182
000000357944
000000110501
000000563311
000000218587
000000145032
000000021198
000000367452
000000324492
000000529159
000000026183
000000414711
000000535997
000000471578
000000499423
000000306524
000000011334
000000445537
000000390190
000000539951
000000232905
000000445638
000000561578
000000432017
000000145093
000000070321
000000042182
000000131504
000000271970
000000429174
000000132861
000000343708
000000452727
000000176374
000000368821
000000371151
000000578848
000000227952
000000535889
000000544522
000000564123
000000547106
000000008218
000000377401
000000262522
000000423165
000000445567
000000548223
000000141795
000000162280
000000110026
000000351133
000000522425
000000488240
000000256713
000000300216
000000062210
000000134715
000000349590
000000036053
000000432619
000000370233
000000230226
000000298732
000000407915
000000245996
000000204804
000000466583
000000328091
000000318022
000000482432
000000010800
000000020760
000000058079
000000303413
000000369128
000000579468
000000281683
000000549450
000000092051
000000185633
000000096998
000000185041
000000403863
000000315702
000000148668
000000002139
000000120961
000000574825
000000243810
000000279024
000000225014
000000245013
000000495252
000000323919
000000310391
000000264330
000000187424
000000160345
000000153803
000000466981
000000486521
000000445002
000000131063
000000019456
000000005802
000000017953
000000143576
000000527260
000000365503
000000371883
000000090732
000000418854
000000498547
000000289260
000000124601
000000239376
000000209655
000000391132
000000135613
000000495681
000000250240
000000390671
000000107340
000000453159
000000523400
000000344488
000000512576
000000163518
000000059479
000000250311
000000020788
000000393814
000000321064
000000287560
000000231236
000000222468
000000500784
000000356906
000000296459
000000195750
000000319579
000000298629
000000491203
000000575964
000000177143
000000027842
000000449708
000000392991
000000543740
000000276127
000000193021
000000353510
000000532126
000000379158
000000195955
000000383703
000000177811
000000053431
000000249418
000000108212
000000123136
000000413056
000000223648
000000390184
000000156846
000000248919
000000166003
000000008718
000000358629
000000058364
000000463134
000000327436
000000115700
000000143450
000000386164
000000186036
000000310121
000000352703
000000543408
000000540926
000000500019
000000451345
000000354685
000000531967
000000199540
000000196280
000000120428
000000117759
000000212074
000000107304
000000438258
000000090255
000000412510
000000225963
000000080131
000000370209
000000357743
000000573223
000000136680
000000206260
000000574138
000000208028
000000509811
000000214727
000000267683
000000156324
000000085247
000000062491
000000378276
000000302159
000000550273
000000268059
000000150342
000000357096
000000359136
000000204188
000000207969
000000186074
000000544237
000000067765
000000319456
000000141197
000000162454
000000580870
000000326088
000000463836
000000475593
000000535506
000000543006
000000441196
000000278966
000000063565
000000040998
000000530033
000000052087
000000147958
000000401411
000000319221
000000149780
000000512166
000000070471
000000085390
000000012448
000000507273
000000481113
000000286662
000000055727
000000571012
000000185201
000000091353
000000102353
000000321811
000000170630
000000147897
000000062423
000000115930
000000522418
000000254930
000000407017
000000399384
000000519479
000000511622
000000427476
000000089281
000000113590
000000459400
000000410272
000000268092
000000104751
000000229481
000000121849
000000362778
000000121875
000000443640
000000540209
000000074135
000000491872
000000306404
000000498374
000000306755
000000045016
000000369913
000000451412
000000150088
000000410319
000000032258
000000289388
000000107963
000000024386
000000026051
000000358191
000000168355
000000246004
000000262514
000000381134
000000091416
000000564163
000000071306
000000512667
000000502644
000000006658
000000109600
000000474119
000000357586
000000450357
000000170178
000000318219
000000005713
000000387696
000000061233
000000182715
000000273556
000000513129
000000329957
000000180787
000000060623
000000497375
000000276263
000000350639
000000040109
000000039267
000000468027
000000131018
000000064342
000000576704
000000073738
000000093553
000000406500
000000056988
000000176275
000000293964
000000385508
000000295574
000000422517
000000204757
000000455325
000000568925
000000179921
000000127141
000000153901
000000543672
000000228335
000000343506
000000395512
000000295960
000000035222
000000161983
000000149550
000000185546
000000204044
000000322141
000000362219
000000416467
000000061316
000000528176
000000078313
000000403145
000000523660
000000567686
000000427796
000000431236
000000136780
000000240501
000000384788
000000511111
000000192079
000000558642
000000152298
000000346621
000000246701
000000447596
000000063726
000000540820
000000301201
000000147762
000000088562
000000337505
000000563730
000000443949
000000401642
000000456223
000000019484
000000447546
000000196699
000000314370
000000490286
000000091341
000000307784
000000396461
000000346940
000000233075
000000554037
000000130555
000000011360
000000262093
000000570981
000000370842
000000411368
000000412978
000000421875
000000012326
000000484432
000000511572
000000367424
000000220704
000000438999
000000101456
000000369082
000000400552
000000104865
000000318405
000000109216
000000033931
000000542611
000000569652
000000441522
000000493235
000000384952
000000308543
000000250790
000000088988
000000511892
000000294595
000000353398
000000226097
000000039770
000000512912
000000412592
000000051476
000000227220
000000124236
000000381382
000000493376
000000337403
000000240798
000000467314
000000019028
000000253579
000000418175
000000083097
000000080367
000000193015
000000352000
000000187933
000000158333
000000137004
000000469795
000000541345
000000560948
000000047648
000000025708
000000160421
000000356400
000000544198
000000206147
000000328805
000000309775
000000140963
000000267844
000000003093
000000465545
000000407115
000000526030
000000471043
000000046775
000000530741
000000134815
000000516868
000000536369
000000320098
000000108669
000000188136
000000172686
000000566687
000000007241
000000257053
000000294763
000000434098
000000138079
000000255928
000000476299
000000082530
000000416774
000000128392
000000385962
000000117535
000000047632
000000371069
000000110559
000000487192
000000558083
000000106038
000000336113
000000359959
000000024845
000000219473
000000362026
000000270721
000000445812
000000485452
000000351149
000000238389
000000276836
000000575817
000000107427
000000268395
000000084064
000000285433
000000184700
000000159500
000000224010
000000008267
000000024053
000000514116
000000429323
000000114173
000000578454
000000552901
000000194288
000000158344
000000356351
000000421676
000000512760
000000536683
000000331698
000000435896
000000474519
000000500533
000000238090
000000531569
000000431355
000000079878
000000575946
000000142337
000000419971
000000540354
000000415967
000000380162
000000067558
000000401556
000000453785
000000574166
000000453093
000000113897
000000404785
000000410670
000000357475
000000510606
000000262030
000000484587
000000429074
000000521359
000000448320
000000195897
000000109648
000000496166
000000182175
000000443652
000000394957
000000549384
000000560591
000000481753
000000422916
000000330536
000000552977
000000058927
000000214042
000000094113
000000365866
000000093116
000000469471
000000014781
000000354098
000000207400
000000295199
000000005314
000000363280
000000327323
000000077813
000000523426
000000544009
000000252610
000000225867
000000478175
000000564003
000000428234
000000223122
000000221910
000000148591
000000443952
000000246263
000000388528
000000545162
000000391774
000000085632
000000056426
000000135161
000000099747
000000132342
000000182056
000000388027
000000156533
000000534857
000000577796
000000329534
000000514682
000000322122
000000576080
000000364521
000000360371
000000137578
000000191705
000000135972
000000460812
000000159133
000000433919
000000540763
000000011727
000000185276
000000487525
000000320951
000000164242
000000305464
000000058797
000000024996
000000079415
000000409125
000000579693
000000426053
000000359140
000000321706
000000046538
000000043771
000000151832
000000469810
000000374707
000000190227
000000302185
000000283131
000000431352
000000030270
000000031660
000000409842
000000397166
000000253441
000000171717
000000455343
000000532686
000000162589
000000379580
000000124300
000000313063
000000189424
000000020536
000000034701
000000470348
000000337969
000000188421
000000326781
000000256156
000000067805
000000379740
000000093331
000000564699
000000353920
000000460621
000000372894
000000421471
000000002061
000000000636
000000109178
000000050655
000000422416
000000568633
000000314328
000000071618
000000242363
000000406201
000000237723
000000265628
000000315948
000000265574
000000013769
000000386584
000000051741
000000347150
000000050443
000000335284
000000047938
000000436520
000000001803
000000577521
000000203732
000000029224
000000260107
000000032947
000000065124
000000276387
000000298452
000000015006
000000116424
000000433625
000000356725
000000576160
000000451877
000000555035
000000206958
000000050521
000000396295
000000075101
000000548201
000000144062
000000066879
000000294131
000000162643
000000032990
000000252829
000000407861
000000196047
000000579134
000000010115
000000026045
000000063715
000000496604
000000013432
000000261115
000000022963
000000107907
000000389128
000000452013
000000567693
000000345224
000000534300
000000352744
000000006861
000000179611
000000069494
000000412996
000000531167
000000157084
000000489528
000000334161
000000230600
000000021046
000000280619
000000024061
000000299550
000000020820
000000066567
000000409566
000000350799
000000126941
000000172843
000000007288
000000257660
000000299077
000000415843
000000300034
000000137763
000000244240
000000049190
000000213375
000000425035
000000436141
000000297976
000000540619
000000398067
000000063882
000000419081
000000472704
000000239959
000000421201
000000173490
000000292278
000000543660
000000480215
000000124607
000000383601
000000159151
000000462982
000000109860
000000219916
000000219657
000000058472
000000050350
000000227480
000000381792
000000504970
000000186079
000000019817
000000478009
000000195790
000000382542
000000404608
000000168246
000000031730
000000388284
000000152759
000000196168
000000057454
000000305412
000000347753
000000331753
000000474430
000000290078
000000202748
000000146149
000000242073
000000061422
000000555939
000000529069
000000574145
000000041839
000000263268
000000489613
000000424668
000000304355
000000119137
000000360772
000000224736
000000142340
000000030432
000000108283
000000210467
000000482210
000000271712
000000117718
000000495984
000000444672
000000100853
000000372495
000000435533
000000480757
000000245659
000000125944
000000193720
000000002388
000000447038
000000117396
000000262386
000000436111
000000110601
000000517548
000000053434
000000167700
000000412753
000000549817
000000101647
000000056212
000000154363
000000512495
000000221536
000000480553
000000250066
000000270758
000000214519
000000555894
000000440299
000000074787
000000505386
000000571596
000000242907
000000209322
000000182450
000000027065
000000023696
000000545317
000000555677
000000017235
000000326256
000000572399
000000136926
000000136793
000000281019
000000578314
000000485916
000000303726
000000310532
000000359965
000000313491
000000441483
000000490567
000000134483
000000462364
000000014921
000000065270
000000094858
000000195306
000000535643
000000409500
000000292810
000000375916
000000078554
000000120157
000000577564
000000087561
000000175948
000000254750
000000060364
000000291833
000000079689
000000021232
000000038314
000000497099
000000025014
000000069773
000000231093
000000104015
000000323598
000000345401
000000225505
000000320659
000000575473
000000452516
000000556837
000000334170
000000410301
000000275929
000000298773
000000529507
000000296707
000000411968
000000299305
000000374184
000000306159
000000372816
000000003335
000000127496
000000436875
000000005412
000000475566
000000214204
000000002495
000000248231
000000554900
000000030254
000000082363
000000379529
000000421882
000000151247
000000235833
000000564816
000000489624
000000249356
000000285352
000000431197
000000414884
000000040051
000000524637
000000154420
000000338098
000000449731
000000215675
000000370444
000000260635
000000517600
000000334015
000000197278
000000264191
000000301595
000000533074
000000534271
000000563185
000000264461
000000257327
000000303549
000000284628
000000485628
000000331096
000000252857
000000022191
000000566155
000000319285
000000191381
000000390583
000000514537
000000281950
000000530054
000000306444
000000330265
000000567093
000000547003
000000464534
000000355418
000000057124
000000156754
000000323760
000000256094
000000035266
000000144809
000000460944
000000160283
000000138124
000000473623
000000175212
000000456328
000000149304
000000108548
000000342025
000000044604
000000347142
000000115709
000000486488
000000435005
000000486008
000000255654
000000234733
000000369386
000000396304
000000213309
000000249352
000000155617
000000350649
000000388298
000000264964
000000378709
000000361750
000000443963
000000453020
000000523297
000000111014
000000033909
000000209682
000000012323
000000264554
000000281017
000000405296
000000537395
000000325078
000000550597
000000136920
000000340934
000000251797
000000448765
000000104837
000000141709
000000493205
000000400945
000000505849
000000577912
000000318161
000000512463
000000240565
000000538497
000000194297
000000141910
000000132682
000000256844
000000227852
000000222343
000000332532
000000287829
000000065889
000000193599
000000550527
000000162677
000000126671
000000294832
000000276964
000000134649
000000322594
000000135117
000000421316
000000173819
000000507879
000000075051
000000287554
000000402330
000000388581
000000476715
000000057495
000000306140
000000386786
000000096492
000000507352
000000080017
000000193251
000000576667
000000377845
000000531111
000000156832
000000531023
000000408859
000000542527
000000443281
000000148766
000000336937
000000110783
000000245161
000000568150
000000520489
000000239082
000000300245
000000562289
000000168626
000000461692
000000046869
000000436848
000000281353
000000278961
000000394009
000000354662
000000147030
000000512966
000000384901
000000392928
000000284153
000000480793
000000042383
000000575606
000000012101
000000072428
000000070434
000000035498
000000290532
000000110951
000000556230
000000561783
000000403013
000000309033
000000470935
000000243857
000000055066
000000425569
000000285664
000000018918
000000432886
000000010844
000000320480
000000403482
000000453485
000000338146
000000510992
000000134206
000000161506
000000514294
000000215691
000000072935
000000000590
000000469638
000000175310
000000420697
000000241528
000000005328
000000535902
000000430420
000000366867
000000103631
000000473849
000000472445
000000223467
000000080219
000000026522
000000120254
000000214664
000000441225
000000204832
000000137402
000000543961
000000240175
000000139097
000000391656
000000078035
000000548706
000000041478
000000146999
000000275279
000000044361
000000225847
000000554749
000000109826
000000494438
000000139971
000000324266
000000145746
000000459786
000000212525
000000134691
000000455483
000000269287
000000048185
000000024636
000000094317
000000170041
000000167443
000000474003
000000325423
000000328452
000000359659
000000216320
000000103306
000000051143
000000032992
000000549171
000000374743
000000103462
000000418699
000000482784
000000117191
000000038732
000000167095
000000274657
000000062483
000000069223
000000355575
000000568502
000000256983
000000280972
000000455384
000000562160
000000077811
000000055077
000000242679
000000352334
000000075663
000000541279
000000506137
000000076138
000000269105
000000374017
000000245274
000000443780
000000034830
000000418226
000000281365
000000163628
000000386066
000000386755
000000566189
000000027648
000000256668
000000280320
000000310543
000000250246
000000384036
000000564657
000000060760
000000514982
000000563175
000000022793
000000524954
000000185512
000000221307
000000172886
000000249227
000000543118
000000503983
000000142581
000000482382
000000436467
000000554433
000000067553
000000058816
000000215812
000000038630
000000137927
000000452121
000000169598
000000247184
000000311887
000000581863
000000463459
000000564851
000000092014
000000533900
000000009288
000000482297
000000538589
000000003466
000000220446
000000172911
000000028790
000000202658
000000165771
000000437599
000000154419
000000576136
000000069000
000000137595
000000019322
000000497674
000000380828
000000068005
000000341006
000000561903
000000555298
000000430867
000000516422
000000325374
000000131714
000000534733
000000511236
000000121162
000000148614
000000321885
000000292792
000000395865
000000399164
000000021060
000000520251
000000192616
000000328780
000000153445
000000578524
000000358606
000000104801
000000270096
000000325385
000000086426
000000178671
000000058254
000000383107
000000062311
000000396932
000000427306
000000568893
000000522782
000000578343
000000146805
000000489264
000000079920
000000393777
000000094651
000000406813
000000153524
000000379310
000000051628
000000100711
000000302110
000000052232
000000373574
000000264660
000000215002
000000434371
000000256180
000000527497
000000083768
000000030707
000000551334
000000155142
000000229020
000000043092
000000074920
000000006608
000000373857
000000270603
000000311954
000000211112
000000052132
000000034196
000000182755
000000124803
000000357992
000000068331
000000513073
000000472253
000000570179
000000019455
000000483328
000000166565
000000156497
000000175954
000000247123
000000578107
000000123842
000000580953
000000500568
000000020161
000000074458
000000386313
000000550722
000000295768
000000508656
000000053484
000000102609
000000195894
000000091617
000000244754
000000135914
000000278313
000000356528
000000520108
000000573823
000000567552
000000158384
000000527040
000000391029
000000249325
000000350341
000000132578
000000536154
000000148968
000000577526
000000219567
000000114726
000000323128
000000104150
000000283028
000000228506
000000045108
000000091334
000000148737
000000353149
000000548498
000000564098
000000139512
000000366157
000000324710
000000033830
000000127585
000000250108
000000576981
000000335065
000000009527
000000113139
000000451053
000000165547
000000502318
000000505709
000000189997
000000043344
000000069577
000000565941
000000267932
000000261062
000000415048
000000048044
000000463132
000000375450
000000472143
000000315790
000000260974
000000354976
000000140307
000000267175
000000486457
000000123017
000000425266
000000035768
000000512830
000000247477
000000060548
000000140908
000000528729
000000447991
000000206684
000000027611
000000147195
000000458338
000000213649
000000319655
000000444703
000000350736
000000235595
000000107247
000000320249
000000355569
000000343187
000000205676
000000160004
000000281534
000000362714
000000247576
000000445606
000000485887
000000245162
000000220690
000000507927
000000262594
000000444209
000000022420
000000172439
000000309862
000000241113
000000175024
000000088168
000000388677
000000139169
000000363272
000000512394
000000531735
000000185904
000000503135
000000001342
000000105465
000000378448
000000436456
000000101088
000000416271
000000241373
000000170784
000000066717
000000011494
000000108272
000000568623
000000213693
000000242644
000000386592
000000203370
000000038817
000000026501
000000101703
000000004359
000000129571
000000330754
000000154721
000000231379
000000116517
000000375810
000000221543
000000451234
000000128373
000000433547
000000356800
000000348091
000000228350
000000510636
000000419216
000000302222
000000056443
000000134178
000000532735
000000077951
000000097577
000000017921
000000070192
000000072077
000000426165
000000144870
000000273494
000000297620
000000211141
000000198645
000000079472
000000299986
000000010643
000000117674
000000393692
000000029430
000000118051
000000000328
000000051181
000000482974
000000019333
000000434511
000000259555
000000083462
000000334941
000000559442
000000022660
000000059463
000000579859
000000296730
000000415413
000000176034
000000038540
000000378657
000000304341
000000448697
000000092488
000000553588
000000086848
000000447758
000000169226
000000270556
000000212759
000000450452
000000288435
000000548930
000000520956
000000425151
000000374448
000000369979
000000430774
000000500446
000000359148
000000011721
000000521995
000000119802
000000398007
000000540101
000000575012
000000365611
000000558635
000000113001
000000227893
000000105872
000000271017
000000175440
000000211192
000000533721
000000441253
000000542509
000000050942
000000538163
000000164305
000000359128
000000200302
000000189376
000000230190
000000436814
000000053058
000000363036
000000474437
000000096832
000000036450
000000200231
000000510651
000000344758
000000537727
000000581829
000000224138
000000313337
000000114184
000000233311
000000382625
000000169111
000000434159
000000184667
000000034900
000000352127
000000039726
000000315195
000000176031
000000094940
000000499268
000000310035
000000232488
000000569314
000000086800
000000314193
000000150508
000000323288
000000303520
000000439516
000000309371
000000359589
000000365068
000000073278
000000091336
000000455859
000000068650
000000025244
000000372113
000000075372
000000155644
000000170813
000000460053
000000315037
000000377097
000000565693
000000401403
000000146504
000000431047
000000129707
000000494782
000000096215
000000112437
000000236714
000000034904
000000418933
000000170007
000000003786
000000254123
000000365214
000000147058
000000273772
000000252468
000000258209
000000033753
000000330750
000000562875
000000496264
000000499110
000000038709
000000100166
000000547630
000000452684
000000471842
000000378327
000000196758
000000274398
000000460266
000000463555
000000368291
000000211756
000000019358
000000183657
000000354165
000000123511
000000444682
000000176271
000000004749
000000362189
000000465357
000000123580
000000461634
000000276631
000000173379
000000368196
000000185901
000000150685
000000195113
000000255950
000000423058
000000229599
000000202913
000000272694
000000184773
000000165818
000000263178
000000484651
000000324008
000000286524
000000578203
000000543192
000000521352
000000068059
000000128280
000000427521
000000483348
000000374984
000000245902
000000216218
000000411943
000000440878
000000380427
000000484695
000000116786
000000370090
000000456732
000000379554
000000136783
000000439398
000000560367
000000089268
000000203705
000000259519
000000499842
000000322577
000000493753
000000257629
000000136458
000000271795
000000171349
000000048795
000000354369
000000405526
000000541086
000000567609
000000090753
000000233997
000000197792
000000150830
000000432397
000000504297
000000385181
000000145651
000000083452
000000102555
000000504902
000000424432
000000443537
000000570995
000000323000
000000304741
000000038031
000000254050
000000096288
000000542939
000000504516
000000195437
000000442695
000000229342
000000396432
000000087456
000000099645
000000103873
000000226256
000000443887
000000472399
000000373424
000000148034
000000043851
000000284488
000000044950
000000083065
000000406211
000000102174
000000120099
000000043289
000000573877
000000154095
000000301575
000000028134
000000479586
000000457735
000000104625
000000266250
000000485149
000000516408
000000465295
000000361111
000000108923
000000375509
000000179954
000000494328
000000076619
000000349888
000000340841
000000223833
000000416345
000000181739
000000036484
000000142890
000000281208
000000036962
000000376767
000000388770
000000159561
000000248793
000000529494
000000181488
000000142941
000000239010
000000201348
000000567383
000000353898
000000486846
000000012959
000000541593
000000129942
000000558169
000000072989
000000482526
000000005595
000000176180
000000357254
000000151130
000000577522
000000409088
000000254119
000000478518
000000160661
000000137265
000000430238
000000097800
000000253227
000000437240
000000466965
000000287741
000000399177
000000386193
000000520933
000000535080
000000177323
000000332775
000000217521
000000488563
000000269918
000000293027
000000440067
000000393971
000000236234
000000029370
000000137188
000000570115
000000573753
000000312550
000000531594
000000383494
000000205054
000000283286
000000222195
000000535602
000000098871
000000295016
000000469046
000000387434
000000435922
000000224861
000000407386
000000326814
000000364725
000000000675
000000539683
000000277235
000000575911
000000258998
000000062398
000000215424
000000423337
000000481313
000000323729
000000475634
000000090010
000000568508
000000172993
000000378751
000000022759
000000083476
000000041273
000000561393
000000569272
000000071090
000000236117
000000297108
000000229139
000000279159
000000344928
000000009807
000000291541
000000513312
000000480076
000000245006
000000199940
000000489743
000000261981
000000476664
000000094021
000000539971
000000209299
000000337354
000000476856
000000222146
000000157405
000000466007
000000499365
000000073467
000000359574
000000383846
000000534942
000000541267
000000324383
000000055840
000000109612
000000492816
000000026942
000000434580
000000461963
000000346112
000000167602
000000236162
000000220292
000000569333
000000507384
000000015978
000000288847
000000309237
000000261333
000000409247
000000566644
000000066355
000000044022
000000508440
000000243218
000000181449
000000518324
000000056898
000000108681
000000188824
000000516879
000000020207
000000535106
000000351975
000000279386
000000023731
000000419143
000000268885
000000306949
000000036277
000000056646
000000491985
000000461410
000000076522
000000543566
000000463266
000000414102
000000414481
000000051095
000000312056
000000426283
000000566998
000000571835
000000018903
000000506095
000000520694
000000462424
000000183967
000000303550
000000357391
000000324857
000000119081
000000485139
000000543897
000000568559
000000443197
000000354424
000000177258
000000363431
000000067307
000000507421
000000262626
000000488945
000000398489
000000093297
000000274800
000000195889
000000395550
000000285733
000000142454
000000418275
000000226400
000000571544
000000529850
000000012827
000000059501
000000145668
000000104494
000000314188
000000237399
000000216548
000000054340
000000306173
000000549410
000000374061
000000089555
000000346207
000000250924
000000458052
000000490639
000000300244
000000067995
000000546742
000000180830
000000121112
000000197245
000000403231
000000570521
000000136250
000000190690
000000527529
000000229387
000000093948
000000523292
000000122390
000000013383
000000412377
000000052290
000000284605
000000383406
000000453400
000000094566
000000397705
000000241279
000000237764
000000574184
000000353968
000000075591
000000337188
000000463669
000000237917
000000039589
000000314140
000000190156
000000205378
000000275449
000000102421
000000377005
000000259112
000000270148
000000292931
000000016875
000000508977
000000480593
000000414078
000000438667
000000033008
000000015567
000000276706
000000249599
000000075055
000000226938
000000200492
000000321014
000000565954
000000531995
000000176906
000000414397
000000244737
000000472795
000000569849
000000130966
000000268412
000000318702
000000141426
000000222075
000000382797
000000307995
000000006720
000000334125
000000568883
000000327807
000000423395
000000172342
000000258141
000000182784
000000406395
000000366931
000000368565
000000441518
000000210276
000000246928
000000451440
000000479384
000000373848
000000532983
000000264110
000000204256
000000122953
000000080725
000000373060
000000228011
000000399595
000000168434
000000250608
000000104893
000000555476
000000571584
000000403657
000000087489
000000035966
000000281837
000000044269
000000232550
000000299074
000000398246
000000137699
000000432332
000000227433
000000342675
000000030353
000000548164
000000010793
000000043286
000000032777
000000289870
000000143217
000000461973
000000498392
000000459303
000000168811
000000465566
000000456584
000000149964
000000533069
000000564129
000000046526
000000461802
000000462784
000000481928
000000456730
000000268745
000000572178
000000030413
000000277614
000000227073
000000353866
000000267363
000000023807
000000059015
000000028002
000000066320
000000381123
000000423093
000000407168
000000478099
000000206620
000000509028
000000293022
000000075046
000000331307
000000441535
000000237476
000000021161
000000427341
000000409331
000000328409
000000193498
000000340179
000000513765
000000345139
000000497825
000000476597
000000389206
000000232597
000000269172
000000514826
000000208044
000000204943
000000089839
000000355143
000000030958
000000208778
000000056002
000000411065
000000531414
000000214671
000000137321
000000534128
000000167271
000000005617
000000574057
000000562735
000000429159
000000400516
000000045248
000000562292
000000340637
000000304557
000000431199
000000216581
000000057091
000000482476
000000564820
000000546896
000000117788
000000139468
000000203128
000000417159
000000234910
000000231768
000000507326
000000418297
000000450786
000000400975
000000076149
000000504813
000000106073
000000171067
000000110587
000000111194
000000114313
000000292118
000000410446
000000353836
000000332916
000000061831
000000567205
000000385796
000000498120
000000436722
000000550372
000000444777
000000279561
000000001180
000000517967
000000552289
000000035176
000000140435
000000240119
000000448703
000000089790
000000376603
000000489896
000000298261
000000486369
000000392575
000000575610
000000487698
000000499705
000000427113
000000092332
000000111434
000000320150
000000536654
000000555461
000000347823
000000391199
000000063521
000000111806
000000016631
000000518716
000000312081
000000349130
000000541435
000000064409
000000227656
000000242286
000000119360
000000079653
000000082258
000000505371
000000509468
000000381555
000000144269
000000276863
000000380842
000000154711
000000240082
000000183204
000000507945
000000451798
000000038574
000000264161
000000358342
000000324774
000000034115
000000313420
000000256160
000000401061
000000550713
000000575957
000000335288
000000281591
000000177913
000000100500
000000148193
000000089109
000000228854
000000069021
000000153150
000000417846
000000426842
000000066960
000000087718
000000011696
000000200572
000000130399
000000404602
000000354126
000000075768
000000227428
000000108668
000000559067
000000283152
000000561062
000000052637
000000406976
000000537604
000000317402
000000502240
000000195815
000000246076
000000306395
000000425672
000000443818
000000285212
000000529256
000000498641
000000373132
000000035672
000000311961
000000487741
000000402623
000000503992
000000392642
000000511307
000000155012
000000288955
000000307048
000000328940
000000091343
000000468541
000000537636
000000561411
000000183199
000000444755
000000559778
000000319142
000000115859
000000065443
000000573935
000000386637
000000358136
000000215554
000000168812
000000017655
000000512118
000000177842
000000034321
000000516404
000000375407
000000284641
000000156025
000000283627
000000082709
000000473888
000000175494
000000497109
000000077689
000000080646
000000243912
000000100196
000000463670
000000020438
000000370423
000000378403
000000032677
000000521348
000000327845
000000504142
000000094376
000000228309
000000281331
000000031745
000000278184
000000152103
000000086215
000000552061
000000515777
000000135748
000000513125
000000027617
000000372294
000000205854
000000534252
000000161505
000000453731
000000113461
000000230780
000000518163
000000005804
000000000599
000000437049
000000309044
000000397274
000000457580
000000154254
000000390322
000000038645
000000493295
000000035599
000000448627
000000482080
000000137573
000000225456
000000086323
000000328315
000000010779
000000527375
000000172952
000000530706
000000182867
000000199962
000000219063
000000222625
000000232383
000000551791
000000060792
000000354799
000000078741
000000222430
000000231895
000000372009
000000559388
000000304941
000000070353
000000468773
000000155974
000000173907
000000139721
000000061492
000000173832
000000320658
000000045721
000000219894
000000413235
000000230501
000000408235
000000055466
000000036942
000000344154
000000197458
000000045197
000000168425
000000369208
000000154701
000000337180
000000505286
000000463611
000000465506
000000394157
000000025138
000000304357
000000499226
000000543836
000000297440
000000313593
000000087595
000000057460
000000425027
000000416663
000000259819
000000242007
000000441974
000000163728
000000529649
000000449888
000000408736
000000533156
000000351528
000000348720
000000090659
000000237772
000000463865
000000078188
000000272713
000000191964
000000403639
000000388399
000000212605
000000449150
000000019308
000000455203
000000057812
000000438628
000000129139
000000073729
000000178941
000000245997
000000026768
000000255244
000000570952
000000217923
000000113707
000000159944
000000275979
000000343552
000000452696
000000265707
000000394478
000000168817
000000423742
000000424792
000000100000
000000135158
000000441411
000000488386
000000177262
000000012443
000000445267
000000043712
000000498716
000000198658
000000397427
000000346985
000000481028
000000460783
000000507301
000000050054
000000576084
000000288501
000000509750
000000289573
000000182334
000000188747
000000541898
000000474245
000000487438
000000369122
000000283874
000000469859
000000420347
000000230936
000000578441
000000302310
000000526555
000000047713
000000084097
000000090884
000000044136
000000186412
000000397719
000000302789
000000571786
000000309633
000000363594
000000327864
000000399570
000000463360
000000576385
000000140642
000000418623
000000411405
000000047361
000000254926
000000387429
000000230862
000000056129
000000221390
000000577277
000000346596
000000244834
000000240915
000000119876
000000090640
000000190018
000000280761
000000458079
000000159979
000000476552
000000454610
000000575441
000000180888
000000259136
000000018687
000000366782
000000391596
000000243882
000000031106
000000110509
000000156889
000000472088
000000382557
000000449485
000000111819
000000004576
000000303847
000000405174
000000213421
000000353658
000000573349
000000469919
000000235017
000000021400
000000553361
000000337379
000000234349
000000222322
000000018824
000000287366
000000357526
000000573209
000000095583
000000441432
000000133869
000000377577
000000022118
000000095161
000000341010
000000126564
000000076029
000000208054
000000029472
000000315962
000000250629
000000339845
000000253095
000000108803
000000012236
000000118743
000000072839
000000398063
000000153578
000000570624
000000167906
000000557981
000000377235
000000107741
000000579673
000000340047
000000480663
000000546773
000000456525
000000384462
000000581040
000000170077
000000235672
000000269015
000000238310
000000552364
000000392183
000000367582
000000075905
000000230175
000000281628
000000119502
000000548894
000000254994
000000498856
000000013639
000000283055
000000070332
000000039513
000000440646
000000456566
000000335587
000000203119
000000244303
000000241174
000000143458
000000462011
000000283254
000000503278
000000557447
000000258085
000000411561
000000199403
000000091045
000000370315
000000205811
000000001149
000000001089
000000343852
000000013473
000000519329
000000129706
000000091833
000000136644
000000236370
000000085527
000000371854
000000537376
000000100438
000000397587
000000444895
000000464857
000000189936
000000553709
000000223857
000000478731
000000300214
000000509129
000000234902
000000457754
000000235278
000000163139
000000107234
000000498061
000000187241
000000342633
000000110434
000000187348
000000328730
000000394322
000000113019
000000018476
000000225658
000000551243
000000552075
000000141509
000000208476
000000155774
000000440034
000000064824
000000354978
000000549297
000000183677
000000011655
000000468471
000000447740
000000307866
000000492057
000000395890
000000467931
000000204767
000000352949
000000285437
000000208050
000000219344
000000258762
000000536741
000000391662
000000331180
000000268541
000000183970
000000130291
000000319677
000000184972
000000474741
000000211775
000000151358
000000062297
000000503470
000000512780
000000349090
000000407822
000000546052
000000511159
000000145751
000000093686
000000076161
000000134807
000000003382
000000404476
000000179191
000000240903
000000010395
000000438253
000000528575
000000243569
000000242615
000000430989
000000120519
000000434672
000000203754
000000315388
000000451449
000000568111
000000255827
000000068674
000000341957
000000047627
000000572734
000000454478
000000057359
000000199358
000000169181
000000481890
000000579462
000000300357
000000440094
000000261787
000000258036
000000094760
000000572899
000000554710
000000436413
000000049567
000000500018
000000509526
000000233638
000000426205
000000207937
000000426011
000000309424
000000154202
000000113736
000000303264
000000531415
000000113282
000000344654
000000457226
000000153697
000000122839
000000174690
000000184485
000000384152
000000054761
000000392391
000000417455
000000146150
000000240495
000000067015
000000087141
000000441995
000000021361
000000261050
000000052638
000000106909
000000057508
000000209544
000000085629
000000267643
000000343914
000000135975
000000454143
000000125983
000000323552
000000005225
000000124614
000000572226
000000436218
000000185768
000000305437
000000014428
000000457217
000000117095
000000130419
000000128849
000000191314
000000368994
000000254004
000000511895
000000512442
000000210920
000000215755
000000210457
000000238258
000000575156
000000133210
000000576363
000000270515
000000512911
000000438723
000000552945
000000538259
000000247179
000000448236
000000303215
000000421437
000000278166
000000073453
000000151387
000000116696
000000334511
000000514525
000000276413
000000033372
000000446958
000000218687
000000288729
000000113945
000000260808
000000502557
000000197616
000000192212
000000369309
000000427083
000000061025
000000418799
000000083574
000000196192
000000352080
000000357383
000000264654
000000044038
000000052712
000000195353
000000017769
000000462953
000000338200
000000302221
000000402858
000000433652
000000436603
000000416931
000000375286
000000117683
000000099317
000000020632
000000158849
000000222828
000000136117
000000473433
000000375760
000000251044
000000085637
000000491515
000000041200
000000272097
000000079544
000000020912
000000247519
000000395557
000000247407
000000090645
000000466079
000000358642
000000227709
000000006497
000000413341
000000419323
000000282841
000000251752
000000214306
000000045367
000000350389
000000440455
000000074001
000000468162
000000103584
000000110435
000000002477
000000532693
000000280858
000000281475
000000150413
000000159463
000000482242
000000256628
000000365139
000000197097
000000295097
000000335099
000000284715
000000451123
000000482021
000000361055
000000462330
000000548500
000000339470
000000448181
000000283940
000000445594
000000063040
000000546792
000000109291
000000315577
000000173400
000000575219
000000094271
000000187177
000000241503
000000108315
000000054643
000000043345
000000058001
000000558350
000000163575
000000361177
000000179690
000000260774
000000264855
000000303006
000000310669
000000532003
000000409042
000000400453
000000240393
000000393068
000000118966
000000227226
000000495680
000000562628
000000517399
000000431671
000000277440
000000512240
000000029074
000000478407
000000436127
000000353807
000000361992
000000291370
000000204670
000000274091
000000548713
000000187722
000000041020
000000322056
000000294073
000000566274
000000062790
000000102349
000000530278
000000305404
000000244050
000000056724
000000342100
000000311690
000000172137
000000477903
000000461722
000000011742
000000029838
000000018442
000000090707
000000551998
000000138086
000000199133
000000339919
000000391320
000000273442
000000307263
000000536708
000000205605
000000417111
000000430469
000000091883
000000031796
000000392506
000000537456
000000038865
000000106150
000000261182
000000000283
000000093258
000000423141
000000383185
000000057194
000000026907
000000080756
000000556641
000000439774
000000474675
000000021563
000000230598
000000573796
000000099269
000000569319
000000303922
000000070657
000000361972
000000554302
000000246629
000000373577
000000423201
000000452618
000000563871
000000392511
000000540498
000000337866
000000294297
000000209130
000000269058
000000305206
000000575901
000000298600
000000478766
000000570548
000000324845
000000138382
000000388066
000000329433
000000440023
000000205435
000000340811
000000039659
000000147736
000000425526
000000451943
000000201186
000000337563
000000170267
000000128014
000000225715
000000127702
000000386204
000000427666
000000254745
000000067002
000000051540
000000549635
000000139163
000000146672
000000209930
000000518287
000000315805
000000076994
000000066190
000000091527
000000533976
000000560598
000000085764
000000129765
000000570465
000000230265
000000433279
000000421889
000000221659
000000289640
000000488375
000000146973
000000060464
000000494218
000000563153
000000214919
000000525903
000000041846
000000089638
000000256899
000000318618
000000168032
000000456908
000000215062
000000105102
000000184295
000000344222
000000416795
000000002759
000000405882
000000353935
000000431398
000000047807
000000359239
000000294407
000000278988